,141

60000 49. 51.

baum (segelbaum) 58.

6000000110 16, 38. 49. 56. 64. 65.

6010106000 24.

befssrderung 60.

60601161.

(60101100) 0101100 2162. 0101600 67.

(6000001100) 600300110 26. 28. 29.
61. 39 40. 46. 48. 60.

60006000 (00066000) 67. 69. 0011.
1οἰ06 regen) 5.

6000060600 12. 59. 64.

60006016006011(60006016) 3. 29.

60010600 66.

(6011) 0061 64,

6010001000 66.

6001111000, 0011. 00.

(610000) 010000 86.

(61000060) 0100600060 9.

16100) 010615. 64. 56. plau 64.

6101100017.

6100066000 45.

(6000007) 60060660 86 6006010600
49. 000600660016. 000100660οΙ
21.

6001006000 15. 20. 21.

hogen 17. 18. 66. 40. 52 ff.

(bola. 0006160) 7.

(6000116010) 000011060Ιο 64. 65

(6000010101000000106 36.

6001101010 29. 62. 64. 56.

6006000000 16.

600600, 000060000οο 5. 29. 60.

600600006011 29.

60000 56.

6060001 9. 25, 59.

660600 2. 6. 14. 15. 18 ff.

6606000006οΒ (1000000000) 51768.

6006000006010 44 50.

60610010 65.

6061006011 4.

0001601106 0. 6000160100.
(00000) 00000 1861015. 60. 40. 48.
000000 16 48. 1000000 ll. 10600·

000 62 00000001962. 000000
15. 68. 62. 000000 61. 1000000 86.
(0000000110) 000060110 26 28. 41.
(cardo. 0006000) 000600 6. 68 600-
600 56. 54.
00000 01601000 24.
(01010000) 01010000 56.
commune 69, 41. 0000001101 60.
0000001100εο 24. 69. 60,
00010001 18. 22. 41. 42. 58.
00010001, adj. 5.
(0001010) 00010001 67.
001010110. 60001011.

(6006001100600 7. 42. 48. 52. 56.
600000 8.

6006010000 57.

60006 64.

6000001 56.

600100 60.

61001106 8.

6100011106 49.

610000 0. 11000.

differem 62.

600100 0. tonina.

60106 5.

(606001006οη 6010000600 56.
6000 52. 54.

6000000016 52. 54.

60010600 010000.

60100100 ll. 88. 58.

06060000 49. 06060010 7.
060606061006 62.

0601106 (0060) 67.

0600000 62. 65.

0100 (6006) 66.

0100011106 21. 22. 65
(010000) 000000 6.
(0106010600) 0100101100 62.
eine, 0100. 44.

0101000000 58

01010 15. 25. 65. 64 09.
0600000061οτ 28.

000010 (00001006000600) 62.

 

