42

66611 666616, 661 666 66166 61 661 661666166 6166661661 6661 666
1666166166.“ 2 ,,Ρ66161,“ 1161 616, „gele 666 11661 por ee, que
666 11166, 666666 66166 66661666 Li 6166616 661666 61661 .Ι. 6166-
6611666, 666111 61666 16166166116 616166 66 1666 61 1661666116
616616 666 66616 616666 66161, 6 161111 61666 16 661666 66616 66616
61666 661616 61 a esemble 666 emis et 666 perenm 3 616661 bien
tresqu’e XXX. que chevalier que 6666166 61 6661 166666 66616166
6116666 et 661 66616166661 16666166 61 16 6616 161 6616616 166661
,1111 11666 66 166 6666; 6166116661666166 16166 16 per 1616 66616
1666, 61 666 666 n’i 666 6166 66 66616; 6166 666 1 61661 666
aucune 66661666, 11 66 6661 mie 661666661166616, 6166 6661 16 616
161 6666 66666, 666611 1666616616 61116. eor 66661111, 66111
61666 16 661666 661; 66666 11661, 661 ge eui: 1166 peres 16 .Ι. 6166-
6611666, 666166611616666 61 16 grant renen, et 661611 6666666 e
1111. 11666 16 666161666616166611 mes peres ,1.661666, 1661 116
ment 6661 jei3 li .IIII. en eeteient 66161666616611166161666616666
166 6666 61 ge estole 16 quinte, 661 [46¹³] 1 6611161116 et 1161666
16 661666, 6666111161 1166, 616 6616666161 6661111 mon pere 666
11 66611 6166 6116 66666166 mi frere 66 161661616611611 16666666
, 61 11 661616661 .Π. 16 666 666166 6666661666 16166 6616611166661 6616
61 666 peres eechepe par 1661661 16 66616616166, 666 666111661611
montem 2 mi 1666666166661666666 61 61 ge 6661. Li 61666 16 661666
6661166661111. 166666 661661 mee 1666 6 .Ι. arbre dedenz 6616
166661 61 661666111 6661 666166, 66 66166116 beaute, 1661 ge
661616, 61 61 parent, 661 1166166661, 66’1166’6666666661; 311161 666
661616166ιοί 61161666666. 8166, 1161166 .11. 666, 666 ce 16
61 66 61 66 .ΙΙ. 661666 6666166 61, el 1661 66666 11 66166 661611 666,
11 16 6666611 par 166 .ΙΙ. 6166 6116166611 6 16 patei 61 11 166611
166 .ΙΙ. 1666 6116 6666616 66166; 61 6666661166 661 666666 seiz 66-
6616 61 16666616, por 6661 11 16 1666111 4 11111 116611 por 66, 666
11 66 6661666661 66666 166 666166, 6611 66611 666166. Sim, 66666
61 111, 661 ge 661; 66666 11661661 6661 6661666166166. Il n'i 6
6616, 661 66 6611 fille de chevalier 66 16 1616661661, 616616616 166
pere 6661 616666 666 16 661ςῇ66 16 661666 66666 11 miens 16 61 66-
6666 pis3 6666 [460] 1 11 661 61 1611666, 6 661 11 eires 16 661666.
666661661666, 611611666, 6611666116 66661 6661 166 6666161666

6616666666 61 16661666 166 666 61166 661666, 61666 en 666611 li
61666 66616666, 661 661, 6666611 666 66111· Quane 11666666 61 6166

 

