77

11111111.1 3 11111 11 pria li 1111111111 11 1111111111 baron, 11111
11111 1111111111 11111 111 111; 1111 111 1111, que 11 111111 111111
111 grace. „Seignor,“ 11 111111111111111, ,11111 1111111111, qui
n’en 111111111 111111; 1111111 111, que 111111111 1111111 11111 es·
pondre? Il 111111111111111111111 11111111, 111 11111111.1 4 (11111
11111111 1111111111111, 111111; „Seign0r‚ 1111111111111111111 Des
quola 11111 11111 11111111 111111111111, ge 11 11111. ,1)1111,“
111111111111, ,111111 111111 1111111111 111 111. 11111111 et
11 111111 1111 111111 1111111111, qui 11 [63⁰] 1 111111111111111
11 111111111111111 11 1111111 11111, 1111111, qu'il 11111111 11
11 11111111 1111111 1111 11 11111, 111, 111111 11111111111
11111111111 111111, 111 111 11111 1111111111 11111111111 111111,
1111111111 111111 1111, que vos 11111111 1111111111, 11 111111
11 111 11 11 1111 1111 mer, 11 111111 111 111111 111 11111111 111
111 111 1111111. 2 (111 111 111111 ge 1111 eunte? (11111 1111111
1111111111, que, 11111 1111111111 111, 111 11111111111111, 11111
11111111 11111111 1111 1111.1 1111111 11 111 111 1111111, qui 11
1’11 111111, 11111111111111’111111 1111111, qu'il 111111 1111; 1 1111
111111111111111111111, 1111 11111, 111 111 11 111111 111111111
11111111 1111111111111 111111, 1111111111111111 ditm 11 11·
111 1 ,1. 11111111 111 1111111111, 1111111111111111111 11111111
1 11 1111. 4 1111 111111 111111111111111111111. 111111111111111
11 111 1111111111 1111 111111, qu’il li 111111111. ,11 111111111111
1111111111, 11111 11 111111111111111111111111111111111, qui jura,
qu'il n’i 111111 garde. 111111 111 11111111111111111 11111 1111
1111 11111 111111 111 11111111111 1111111111, 1111111111 111111
11 1111. [630¹] 1 1111111111111111111111111111111 11 111111, 11
11 111111 111111 11 1111, que 11 1111 11 1111. Ρ11111111111111111,
qui 1’11 111 111111 1111111111111 1111111111, 11111111 1111111
.X. glotons 1111111111 „Seignon 1111111111 11111, 111 11111111
1111111 dite. 2 Alez 1111111111 1111 11111111, 11 que 1111,
1111111 1111, 111 james 1’11 1111 11111111 ,1)1111,1 11111 11,
,1111111111.“ 11 1111111111 11 1111111111 1 11 1111 11 11111111
11 ; 111111111111111 .V. et 11111111 111111 11 1111111111. 1111111
mangis 111111 11 11 1111111111 1 111 111111’111111111111111111
111, 111 1111111 111111111111. 3 Es vos que 111 1111111111111
11 11 11111 11111111 gons ; 11 11111 s'en 11111111111111 111111 11111,
que 11 111111, 111111111111 111111. 11111111111111111111111, 111
1111111111 11111111 6

 

