132

.11. 00100100, 40000100001111000 0001010 01 de 101 10000000, 01 me
rut de 01001.

,Οο0, 0100 000000000,ἰ 11011000000010, ,10 0111100 000010 de
000 eoneierge et de 000 100000 01 qne les .11. 00100100 111101 000
00000100011111 0001 0010 venjanee dee 10 premiere 1010, 110011
0001000 1010 100100, 000 ee 1101 00, qn'il estoit 0000 011000100
[90⁰] 1 de 0010000100. 101, 0001 000 00 0000010011, 100 qne 000
00000 0010000 00000100 de vostre 00000101 de 01 grant 101, nome
de 000100 1110 00000000 01 0000100100 01 0011 000100010000 de
00010, 11 000 00 fere nne 00100 01 1011011 de vostre 0001 venen
(1010000100100 0 00000100. 2110001 11 000000000 01 000 0000100
0100, 01 li 00000010 10 01010 de 000 00000 0100000010, qne 11000000
1001 (10010010 0000 001 respit. A 1001 10 11000000 1000 hore de 10
101010 0100000000 desereire. 110000 000100 0000100 0001010001
00 ,VIL seiger, qni en consistoire 001010011 Il memorent 000 100
0010100ἱο 01, quant 11 00011000 100 011 00010, 01 100 01001 10 00010 0
10000000. 3 ,Αο10,1 diet 0001000 J 0000, ,000 00 001000 000101000
001000, 00010 000 00010000 000 101000 0100000000, 00 11 10 01001,
01 diras, qn'il 10010001100.1 Li 00011000 00101 100001100010 fenestre
01 0’00 0101 devant l’empereor 01 11 diet: „Sire, tenen 000 101000,
qne li .VII. eeige 000 00001001, 01 01100 101001100, ee 000 mandent
il!“ 4 Li 000000000 00101 1000011 01 10 livre .Ι. 01000 01 1101000 10
101 01001100 011 avoit:

’,8100 000000000, ge, qni 01 000 10000, qni 000011 00 0001000011
00000101000000 00000100000, 000 100 0 000010, 000 110100
0000100 101 00010 [901] 1 ee 10 00001000 00011. 100100, qne 11
ot: Le premiere 01 001011, qne 00 00011 0001100101, 000 qne il 00
000101 0 00001, 11 10 11 perdonent, ja 01 00000 li 100100 001001, 00
je 000 00 1’00 00010001, 01 10 00101110110100 0111; 100100 teche
01 001011, que 00 000000 11 10101 000101010, 211 10 00000100001 0010-
100001, ja 01 001110 00 1001, 0101 l’en 000100111001000, ne 0010
00011 011100; 000001000011, 0100, qne 00 000 10 111 de 000100
1110 010001’0000100001 de l'empererin 10100 1100000 0100100100, 000
00 000010 000 semblables 0 0000100, 000 000 000100000; 01 poree
qne 000 0100 010000001 10 00100, 3 01 10100 lire l'enemple, 00101001
000011, 01 01 10100 1100000 000011100, 1001 qne 00010100 01, 0000 000
000 00 000001101οο 00000000 00001000, ee 000 100100 10010011·

 

