6

10000101ιι ,110001110111001010100,,01010010001110011 4 ,11110ι
11111001010111, ,0010110001011010011010 que, 10 ,0. 1100010111ωο1
001001 00 maugier, 11 10010001111001010010 10 table 00 .v11. seigee,
00010010 101110, 1001 001011 010 001000 10 11001 1101100001
tt 1001100101001 11001100 00110, 1100111010 1011100 00100111.
Ieelui jer estoit 10 Pentecoste, que li 001010100 101 tenir 0011
grant, 01010001010111001-1101000 10 11000, qu’il fussent e 10
10010. 6 (1000111 001010100 10 10101 01 1110 0101 en 00 01101010
101 011 00010, 1001010111 101010 0101010 001 1000100100 01101
diet: „Venez 00 01000 00111 1 Ele 100 1101010 101110 00 ,10001101
01 0012811000οο 0 01101 100 peiles 01 les 1100 10 0010, 1001 010
001011 001000, 01101 100001 10 table 01 00101111οο0 01 01010 10
0000011011 ,Βο111101001,“ 1101010, ,1010001000010, 1001 11 .VII.
stige 0001 101111 ,1)000,ιι 110111011000, ,1010011010 ,“ 0000 011,
101 00 1000 000001110. 211 11001 0 10000110 01 10 1010100 01 le
1101 1010 here et 10 11 110111ος 010 0010110110110100101011010110.
3 (1000111 0010101001010101101 101 0001101, 01 10 1000 10 00011ος
les 1011101 10100101000 0111110100 101001 10001 1010 10 00100011
10101001 li 110100 01 1011011001 00 maugier. 4 Li .VII. eeige 101001
1011101001, 01 1010110001 1010 10 101110, 01 0’00 11100101ος 01001
101001 1011 01110111. 1110101101 10011011001 101 11001 01 10100010,
000001 1001010111 01011 0110 00 00110. 11011 01011001 en 10 1010
110 01 001001, que 00101011101011001010100101101000. 6,Νο 100
01101110,ιι 111 11011001, ,10010000 10101010000011001, 00101110011100
0111 01101111 ,1101100ιι 1100111, ,001 0010 110000 010 101 ee,
0001001 00100 11 1010101, 000 0001 110111011.1 7111 0111010100 100 111
00101111, 1001011 011010010010 1011 000, 11 ee 10000, 100 1110010
011011, 0101010 10 000001101 01 li 11011 ,1101100, 1100100001 100110
1010011οε 001100 00110 001 1101001 01100001 1000 01 101 11100,
qu’il ne lor 1010110101101110 010 000110 10111 [1811101001001011
101101 01 101010110 0010010100 011100100111100, 0100100 10100111
10101 10101 101101100111 00110 11 001101 10 00110 les 11010111. 2 Li
beron 00 00110111101001 10 ceste 011000 01 11011001 entr'eue¹ que 00-
1001 1000 00 111001 11000 10 100 0011001011 1010101001000 etque,
e'il 00111011 001 100101, 11 00 1011010111 000 0010101100 10 11000
.X. autres 0001100 eseheruirent entr'eus 0101111011οη1 1011101,
1001 qu'il 01001 000110, 01 que li 001010100 100 10111100 010100-
1011, 00011 00101101 0011110 10 1010 10 1010010 00 1000, que 11000

 

