XXXIII

155555) [eice 1151 511, 1515511515151511511151]; 115 9414 151551 Ι
1515551551 51 551 151551 hietque: daher 151 5515550155 mit 111511-
51551551513, 5, 19, 27, 31, 48, 64, 69, 81 5155155115 und 111 12, .
13, 14, 15, 22, 23, 33, 35, 39, 46, 50, 57, 60, 63, 66, 70, 79, 86,

105 51115151551150 115151 51151551, 5555 511151515 115 1511555 151
11511555 5551555111155.

Vi. V 5515555155551 1511 155 15115555551555111155, 515 551 G,
welche 1551 durchgehende 1511 V geht:

1 2611 51151555 (51511 1511155); 2 2717 (115155 15 service 11
555151111155 555 551515; 1515 fu il 1555 1515555151 (11 55155515
55 mengier); 3 2715 1555115 [Or 15 bien 15115] 55111555
[155 1155 51] 55111151 [c 5155 55511] (151555 555 .ζ. 55155); 4
2811 (5511151155 11151115) (5115155115 1515); 5 28121515-
151 [55 551 1551 515551 55151115 comme 511 1515511, mais 551551
55555151, 55 autres n'i 5511151 555 11] (51 555 .Χ.551155); 6
2813 (51 151 55555115 5115); 7 2913 51 (115111 11 [voce 11155 bien
5155115 15 151555] 1515511515; 8 3013 (3115 . . . 55511) ; 9 3015 15555
[5115 quant 155115 1111515515 11 5155515155. Et 51 vous 15555
que 155115 ieme ...ς 10 3154 (5155155555 55115); 11 3111 e'ee-
55111551( 151115 55111551 qu'il 15 joun 12 3113 (5111 5515555
55 5515551); 19 3211 (55 jugement 15555115 55155515 14 3211 (55
115 11 1511555); 15 3213 (51 ge lc Perconi), 16 3214 (15
chief 5511515515 17 3412 15 5511 [quant 15515515515115515
15 55511, 51 15155155515555515 (1)] 551; 18 34ι3 (05511155155155
55555155) [51]; 19 3413 (01 5155 host), 203511 (5115155 ’
elene en); 21 35141515511515 [5155155 1151 151515 55151 15
jour] Α 15111; 22 3553 (1515 151 55151 55155111); 23 3614 (5551
11 11555 1551151555155151); 24 3611 (551 51 5511551551 55-
15151555) [51155 povres gesane 55 5551115, 55151 551115511115115];
25 3814 (5551 1515 511511); 26 3813 (51155 5515111555); 27
3814 (gc 115 551 55115); 28 3813 11 5555555555 [11 5555, li 1515115,
51 55 51 511551 55 555 15115[511155; 29 3914 (1115511 511 55551);
30 4011 (55155 515 555); 314012 (51151 11 51155151); 32
4013 (Deme, 1151 511151); 33 4011 (85151151 gie); 34 4013
5511 [Li empereree 551 15511 1151555 devant 1555 5555151015 5551
15551511151115 15 chevalerie, 11 15 151 chevalier 51 11 15555 15-
55155 51 5 555 55555155555 55551) (15111155155115115111); 35 4113

1151551115 11515151 0

 

