XXVI

li 5515551151 551511 molt 51151 51 5111515 15111] (quant il 111
9012 51151511111111), 52 9212 (5511155 5151111 51 1515115115)
53 9313 (0151111 5111515155 51 115), 54 9513 (51 1511551115
... 1515 destruite). Daher 1511115151111511 mit 1351151511 5111111.
11, 18, 35, 40, 41, 42, 44, 41, 48, 51, 53 1151151155 5111111153
het 11555 3513553110 115 1511515 1515115551 15511351

ΙΠ. J 1151111 gegensatze zu 35111111511151355111111511

1 2118 (5115511 1151155135 35 555 3515155155), 2 2814 (quer
il estoient 11511 5151 35 1511151551), 3 2915 (15151511551535155
1515), 4 2912 pere [5151511] 51, 5 2912 (51 155151315135555 me
51155), 6 2912 (5151111 511511 . .. 115151), 1 2911 11 5111515151
(51511 1511515115), 8 2911 (51 11515 151151515151151155511511),
9 3012 (51 pleing 1515111155), 10 3011 155 (51515), 11 3012 (111
515151), 12 3014 1511155 [1511555151515151511155 511, 13 3013
(8115, 51 ei 35 155), 14 3113 (que estre 51 point 51 ge 511),
15 3114 (155151511151551), 16 3113 (151111 155515), 11 3214
(51 5 mal 5155 35 5151), 18 3215 (35 111 5515111151), 19 3212 (qui
1511 .X. 111155), 20 3213 (315111515155), 21 3212 (51 11115151
maugier et); 22 3214 (551 55115 1515111), 23 3311 (5135155
51511515 35 fust ou 515 551511), 24 3311 qui l’em porta (15 ge
line platel) (e’eet li 1515), 25 3314 (5151 55115 1151115
1551), 26 3311 (51 155 51515515), 21 3311 (551151511515), 28 3314
(etqui 51511), 293311 (51151515 35 5511, mes 5155) [51], 30
3412 (que bien 151155), 31 3411 (51 1511151 515115 51), 32
3412 (51 515111315155151111), 33 3514 (15111151 1151115551),
34 3612 [155551515115551] les; 35 3013 (5155515115), 36 3614
355151 [vivre ne 35 quoi] 5151, 31 3611 (qu'il queissent 55151-
51555); 38 3612 (51 155 151155), 39 3614 (51 15 51151 515)
5511, 40 3614 [11515155 [5 1151151] (15151155151511155), 41
3114 151115 (35515) [51] (51 que ... letre et); 42 3114 (51 5’51 [11515
5511 15135), 43 3111 (511515155111151) (et 355 genz qui s'entre·

’ 11511511) (quer enquis); 44 3112 (51 5511511 151511 51115),

45 3113 (15 51 555151), 46 3111 (55 1551151115 51), 41 3112 (355-
espere) [55551 551 5115 met [555 551 sens 51 5111551 5511551
mie 15155151, 48 3914 (cernent 11151), 49 3912 15535115151( 15
mes membres (quant ele 355115) 51, 50 3914 (seuve 5511551),
51 4013 51511101 51 511 155 messes 5511555], 52 4014 (5115151511

 

