28

Ι „iterque 000 0000010010101000011 Et iterque 100 00000010

2 „Quo 00100, 000 00000 00 1101 Pone 001, 0010010000010“
„Merqnes‚“ 1101 li euperem, ,000 000 000 00 0001100 0’0 00000010
vostre 0000.κ ,111001 110111000οο0 00 001001, ,1000101 00 000
1000, 0100101 001000, quent 00 100110 10 0010010.Ιι 11001 n’i 01
001 01 1010, 001 ne 000001010100. 31 10011011 1000 niemez 0111
voire 11011 00 000010. Et li henep 0001 0000100111 beron 01010001
00100 01 001000011οε 01000000 01100 00000001οτ00 101000 01110-
100011 „Einei 1001 000 0100000 0010, 10 001 000100 0000000001ι Et
vestirent 100 000000. Α 1001 10 1000 000000 01 li 10000 10000001
010010100010000000100; 01 quent il 00001 0000010 01100 nepes
100001 001000, 4 li 0000000000 len 001010 resen et diet: ,8010000
00 00 0010 011100 10 10010001010 001010000; 1110000 0001001100100,
01 00 10001 justice 0100, 0000 010 ιο’0 1000 1010.ιι ,11001 1100111
beron, ,001000 000 00 mee 101 000 100000 101 ben 100, 01100010
000 00013911110000 01 0101000 001100001010011“ ,100101ιι 1101
110010οω000, ,00101οο1. 8010000, 000 0000 01 dire, que 001 00
00 00000 00 000 00000, 1100 00001011000000100, e‘il ne e’en 01001
101101 0 1100.1 'Potes 00100 00 001001011100 10 1000000000 01 100
berone 0001, 1001 000 00 0101 0 1001000010. 2111 heron 01010001
10110 0001. Li empereree 100 mist 0 0000001 niet: „Seignen 0001
0000011 000 10000 000 10 1000000010, 001 01010 000001011 ,81001
1100111, ,00000000 0001000ηο 101 101 00 11110 1100000, 10 0000-
0101, 0000000 10 sentens 0 01 01000000 none 0100100100, 000, 101
11 01110000000010 100101, 0’00 110011 ee 10 10011000 01100000 mont
10 00010011.α 3 „Per 101,1 110111000000000, ’,00101001, 011 10
0000110001 110011010000000001000111110100011 „Marenen¹ il
000 000100110010010000000010; 11 0000000000 0’00 00010 1011010
0001010111.1 ,8010000ιι 110111000000, „il n'eiiert mie 1011010
moi, ne 11 000 anemis ne 1011000100100100100. 41100 00000 000
000 ge 1100101 1100010 00 10 100010 001010, 00 li 00000 011 00001011
Ge ne m’en entremetrei 10, bien 000 00 0001000οο0100 000.“ ,1100
00001ι 1101110000000000, „il le eovient, 000 000 00 11010 000100
111, quer ee, 000 000 00 110010, 00 00001000 10000000 bien,
000001110011 [39⁰] 1 Elea 0010 00010100100100 01 10001000 et
montena 0010 1000101 (10001 11000000 01 000 0000100, 01 001
bien, 00 0100 100001001, 01011, 000 1100 1010000000οο 10 000000 01
000 0100 101 11000011 10100000000100100000 1010 00110 00010 100100

 

