62

888888181118 888818 18188 autres 18888 18818888 8118 beaute 81
18 8888; 8118 888818, 1811881818 88188, 88 88 8881118818 181188-
888 88888188 2 81 moult li 88881881888881 8 88888 18188818181
chevalier 81 11 8888 81 18 procae, 81 qn'eie an 18 1818 188888; 81
8188 18 8888818 818188 11 8181, 81 888 888 8888 18888 818118 81
888818 88 8181 88 manneae 888888, ja 8811 88, 888 ce 1881 contre
88 volente. 3 1188111 181888 11 mangiers 18888881881, 888818
88888181188, 881118188811. 1811881818 81 18 horjoise s'en apar-
oenrent bien 81 88888 88811818 8881888188188 8188188881811881,
8811 8818888881 181 maugier. 11888888 8881188 pensae 88888188
888818, 888811888881818 88181 888 1888188111 dist: 4 „Sira
888 88818818 8881818 8188 bel 88881881818888181“ ,118888ι 1181
11888888, ,888 88818188 demorer 8 outraige.i „Sire‘ 118118 88-
8818, ,88818111188818811 „Damae (1181 11888888, ,88811, 8188 me
8188188881.1 Α 1881 888 8818881 81 8888188, 81 11 18818188118
borjoiae empres 81 188 8888188 88888 18188 8881888, 18818811 818-
18881 88 .Ι. 88881. El nri len 18 881 [aab] 1 88881 88811 ,1. 8118188,
881 mont 188811 bei omhre enter 881. An 818 18 881 8118188 8881811
88818818188, 188111 881888888 888811 parmi 1888881, 81 mont 88
881811 beans li graviora.¹ A 18818888818 18 888818 18888 881 8118188
81888181 811181 8888181188888 jaste li 81 188 autres 8818188188
1881881 88818 8888188. 218 888818 mist Marone a 88888 81 dist:
,18818 881881888888881“ ,1888111181 11, ,88 1888188118· ,Et
comant 881 888188 8888.91 „Dama 88 81 8888 Forma* ,Ε1 18
88818 8881 181 8818 88188 88811 3 ,1)8888,1 118111888888, „mea peres
881 ,1. chevaliers, qui 8881888 18 8888188888 8818 grant 118·
raige, 8888888188] est.“ ,1ὀ8888,1 1181818, ,88 8881, 888 888
88888 8888 81181818881888818881’888.“ 3 ,1)8888,1 1181 11888888,
,88 881 ancones 8188888, mes 8888881 888 18 18188, 81888 aven·
1888 881 88 18 8818, 188188811188, 888 8888 88181888.1 “ 4 ,88888
888 1881,1 1181 18 888818, ,,81888188888811 ,118888α 118111888888,
,88 88 881, 8888 qn’ii en 881.1 ,08 88811188,1 1181818, ,1.
ponto ,1)8888,ι 118111, „volentiam (ie 88 18818818 8 mon 8881
8 888 18888188 888 88188188 tertona.i „Par ioi‚‘ 1181818, ,888 88
88888 81888 ti’amcrs 88 88 88 8881 mie, 888 888 88188 gantis 1888,
88881 888 18181 chose 88 88888 81888.1 11888888 88881 hicn son
coraige 81 88118188 [560] 1, comant il li estoit 81 188188 8888811,
81 8818 8188 88888188 8881188, 81 88 18118181888888188, mes

 

