XXVII

li baron et); 53 4104 XII. (61611.ΧΙ.); 54 4102 (11 6 161616 666-
116661); 55 4101 (en 66611166 116666 66111666 56 4103 (61
66166 66 . . . 166666); 57 4202 11166166 [6166616166166 .VII. saiges13
58 4202 61666 (661 61 1616611 56616516661661ς 59 1302 (6611-
16166661 parler); 60 4404 (61666616666); 61 4503 (66 61611
6616161) l Δ 16111 s'en 16166 1161111166, 6666611616 1616 61 66 porte
161616116 61166 1161666 61 6161; 62 4502 (1661 61 11611; 63 4604
(Or vous 66111 64 4601 (6616661 666161); 65 4601 (61 66-
161666 61666) 01 6666 66 661616 66 4704 [A tant 66 1666
quo] 11 61166 [1161 61]; 67 4802 6666166166 [6111 16161661 6661611
6 fuir] (61 1616661 166 6666166166) Ι 661 6166 6616666 66 166-
1661 ΠΙ. 61166 661166 68 4904 (111661 66666161 4901 1666661
11ος 69 4903 611 6661161( 16 6666161616 1161; 70 5001 6666161
[6111 161661 1661 6666161] (6166661 61166166); 71 5001 (etqui
661616661611); 72 5003 (161 166 666666 611); 73 5101 616111
6666666116 (61611611661616166); 74 5102 pardus [66 666 ne vous re-
11661616]; 75 5301 6611616166 [1661116611 616616666166611616-
liers 61 6616 6166111616 661616166 66 666 11166 16 616161[; 76 5504
(16166 16 166); 77 57041616 [1611 troi] (1111611616 61666 666);
78 5702 61111 6616 [61 66 6666666116 16 6666161616 6 6666616616
66 161 maniam: Η6 6161] Or 66 3 79 5801 661616611[61116166161-
11616111 61611 0611616 1161161 80 6101 011 [66166666661166-
1666 1166 6611116 6666 61666 qui· 66 66661166 6616, par 661 16 66-
66 611 666116 66 6661 6161161 81 6403 1661166 [11166666 1616616161] .
11616 66166616 82 6403 (61 166 6611666 66 (16166 6661166); 83 6403
(61 66111 66166 61 6’66161); 84 6503 16 6116161161 [que 11166661,
que 66 16 11166666666]; 85 650316161661 [6616116 1661 161161] (616-
1661 66 6666616661 87 0602 6661611666 [6166 161616166161
6661611661 61 puis 116661 116116 11 (7) baing] 616656116161666 88
6903 a 666 11616116 [quel chose 166 16161]; 89 7001( ,10111616 61
.VII. 6616 (61611 ,116161 61, 6616); 90700316616616661· [66116-
66] (61611 66 066166116611161; 91 7301 (6166111166 6166 16161)
6 166116; 92 7304 (quant 16 1166616 61 6161); 93 7303 6163166
[par 11611666, que li 61161666 1111611611, ou il voluit, 61 16166166
6111616 6166 661 661 11616666, 61 66 11166 16 6116] 61 [ quant 1161-
6666 61161661616 pensor 611116 111 66 1611116, 61 6’6666111116;
94 7403 (61 66 661616 11116616 111661161 dist: Ρ661661166-
611166 1666 16116 66616 6116167 016 6161166 66 661161; 95 7404 166116

 

