M

85555 78 (655 85555555 551 655
8116555).

65 815555553, 1155555553, comes
Philippus 57. 116. comites Otto
51 8551555555 174. 175. 176.
5555115155 144. 150.

8155555, 8555555, 856551555Ιί5 110.
151. 167. 8155555155 5515515515.

51153 = 555555, 5515 153. 188.

8115355 13.

8853555553, 811535555313. 126.
188. (615 555555561511658115355-
5553 551155 655 castrum 71151,
8555515151. 5. Gold. 5151. 5555.
1. 1. 5. ll. Fr. 5. 93. 11155530·
Becher, Descr. 6555. 5. 135.

’ 811535551515 13. 203.

8115355151 13.
81153555 13.
5155155585355, provisores 511515555

religiosorum 133.
8555111555. 122. 136. (4 55511).

855556551, 8555556551 115.

8515 fam. 136. (5 55511).

85581 fam. 77. 78. 55651555, 1531
655 3555651515 zum 8655155 38.
5153555577. uff 655 5551111555123.

5555555558 134. (1 55511, 555555-
15555).

855115, 81155551, abbatissa in 853-
5555 180. 183.

8555555155. 136 15 55511).

85553151 13.

81135115 fam. 138 (14 55511).

65 855553 55551155 167.

855555553, 8555555 5. 1115555553,
8155555.

1555555155] civitatis 46. 55555515·
riorum 45. latomorum 34, 615
5151555511.

lana ovium 135, 5555155115. 1551
135. 138. 151655 5555551153

(15 5556555, 655155515155, mileu
de veteranis comitibus exortus 57.

1556585355 132.

5553555551555. 136. (4 55511).

15515155 55515355 (8 55511). 1551515-
rum 55515 5553551555 32. 42.

Laodicea 200.

lapidee 55515515 65 longinquo 56-
vehuntur 40.

65 555165, Barbara, vom 61515,
domina 184.

1515511 34 5151555555.

1511555 10, 1111555. 15155 151 ein 5551
55551 1115 jede 6655135511.

15151555 52.

555315355, [5515355103. 106. 151.

5555555 fam. 101. 1551355551).

Leipheim 158.

5. 55555556155515 32. 43555155. 207.

15555555 turris 20 55515 19. 20.

555555555561555122. 135 (355511).

1555555 fam. 90. hev, 9111551551,
domus 24. 26.

11555515 95 (115 11511555115555 515-
1151555, 655 5155555 655 51561-
5151151555.

5165155511555. 134 (1 55511).

1515555151 castrum 98.

5155551555. 98. 655555 20.

51555551 fam. 122. 0555551, 65-
mus 20.

1135 magna 151155 655515 86.

5156555155 flumen 7 (51555551).

515655( 106. 515655.

1515555 fam. 120, 135 (2 55511).

15555515 fam. 136 (455511).

5555551555 20. 55515 Leonum.

55555561 159.

155355 vicus 34 (615 8515535555).

15515515555, 55551555555555 136
(4 55511).

551555153155 dux (15155151655 174.

1551555155 imperator 30. 555183.
8555515 dux 158. 159.

Lucia, soror conradi, 65515 855-
vorum 158. 159. 160. (5151-
35561)

55515555555655, 5555 160.

 

