88

616 11 6161 1666 16 666 quoi, si 666116616661661.“ 416661166616
li 6666666666, 6666611666666616 16166666616 poing 66 66661161
61 6666616161 161 666166 166 161666 16 66 66661 111666611166
616616611, 66611 166161 66161661 grant, 61 6666 16661 6161, qui
6666161, 666 6661661666 61666166 61 dist: ,8166 6666666666, 66666666
6661661666 666 61, 66616166 166 166166, 6611 [69⁸] 1 666666 666
6611 envers 16 66666111, que 6611166666166, 66111 616166616616
16666 61 16 666 166666 61 161 66666161 ge 1666661661· ,166
161,“ 116111666666666, ,66161661 66 11 61661 66 66666161, quar
16 66616166 6666616 66 661 66661 2,8166,“ 1161 11666666, ,gt
6161661661 666, 666 li .VII. sarge m’en 166666161166661 666 661ι

Α 16616666616661116111661 1616 chambre et 6’66 61616661
6616 6616. Li 666666666 66161 666 166666 6 66666 61 1661161
„Seignor, 6666 61 mon seignor 16 166, 3 qui 66 1116 g’ai 61666,
qui 66 6666616, 666 66 1116 666 6 6666161 66 6666666 616666, 61661
6666 16666166 16 666 6 666166 6616616 6 66, 666 666 66 116666,
ge endroit 16 666 666116 666 11666 6 66, 666 666 66 116616 66166
666, 6111 666661666 6’66 6661616 666661166 66, 66611 .v11. raige
66166661. Or 61 666 66666111166 6166, 666 666 66166616, 6666
1666.1 1 ,816611 116611116666, ,16 666 116666111ιι 1166611111.
66166 61666166, 61 6666611166, 666 66 661611 chose 6661666661666 ’
11666666 666 666611 ja vangium 16166 66166 661666166616 6666661
6111 16666 166661 16116 6666611 61, quant il i 66661 grant 61666
6616, 61 616 6661616661 1666611666666666 61 166661 1616161
11616661 ,8166 6666666666, 66666616666, 666 666 66666166166 666166
1666666661, 666 11 1661666666666166, 666 6661911166 1116
16661161666 166 66 66 66661, 1661616 666 1666166666166, 661166
16 66616616611 16 61666 66666166 666 66 66 666666611666161166616Ι
,861616661,“ 116111 6666666666, ,6616611666 61661.“ ,Et ge 16
166661 6616611666 elusis* 116111 dus. Il 66 1666666 gretes, 6661
.VII. 66166 6661616661 166166 6661 6166166661 6666611116, 6111·
616661 2 ,8166 6666666666, 666 66 661666 6616, 66611666666 611161
666166111616666666616, 6166 66 661666 166166; 6666 16166 66166
666 661666, qu’ele 1661 666 66166, qu'ele 16 6661666 66 66661 66
1666 66666616 66666161 6666666 6616616 66 61666, qui 6 16166161.
3 Et 61661666166166666116, que li 166, 666 66666, qui 61 661
1661666 66166, 666 66 66 1116 666616611 66 166161 661, 6611 6616
66616616611 16 61666 quant 6 66616 61666, 66 ne 16616611666116

 

