52

por 66 66 6111661 11 ja 1666, 6666161611 166111 16 6616 6611; 6161
666666661111 1166, qu'il estoit 661 66111 61 6611 161611 66116 6616
6166 61 6661161616, 1666 il 66 661611, 16 61616611 66 161611 116
1611, 4 61 166 616611 161 161 6 1161 61 1661, 616 66 116161 mutin
· 61616 11]·6116611161616. 11611 166111616166 16161 61 616616
661166 66161161 61 1611116 1616 16 1161616, 61 166 161166 66161661, 61
1611666 1616 16 6611, 166616116166166666166. Et quant il 1161
6616616116 16 6616, 61 16666611 161 66161161 61 666166616 6616
6111616 16 116 61 grant 616616 16 666 barone 61161 lui. 11616661
16 66116 16611 6611661661 6111 [511] 1 11611166116666616. „siref
116111616166, ,16616166, 1616661611116116616, 166116 fille, 166
66166 61166 661616661 161166 661 16611* Et 11616666 616161 16
161616 6111661166 161166 66 16 61616. (11661 li dus oi 66, 61 66
1616 6111 mist 166 1161 66116 661 61 li dist: 2 ,Α1116, 6616611 16
16116111611 ,11161 116111616166, ,66611166 1161166161, 66166
16111616 16166 61616 66161 66166 16166 6616 16 1’6166116.“ ,Ρ61
foi,“ 116111116, „g’en 661 161 1161.ιι 11611 66616 un 6666 61616,
61 li 1161116 166 161166 6111 dist: 3 ,111166 moi, qu'il 6 61 1616661·
,11116α 1161 11 61616, ,1616111616.“ 11661 1161666 1161616 16 6661 61
6111166161166 61166 661111 16 61116166 61161, 6166616 6111 16111
61666, 6111 1661; 61 66661 il 166 6166116166, 611666116 16 616666-
gier, 61 l'en 6116161116; 61 66611 il 161 regardo, 61 11 1661166111
61616 61 1111611616 16666166661166111166111 61611661166
161166 166 616166. 4 Et quant 11616166 111, 6111 16 166 16616611611
1616,6166161616616611661616161616611666116161666. Ι166
166 61 616166 66116166, qu'il vit 66 11611 6661116 66 16116661161
61666, 61166 11 6166611 6116; 61 1666616 1666166661 1166 1161111616
666111616 66166 611, 6111111611 16661161 16 66161, 61 1161 66 1161,
,8116 ge 61 16666116 116 66116 eh0s03 [510] 1 661 1611661611661
6161 61 66616 16 Ρ1616666 61 ge 61 1661666166 1661166 6 mon 166161·
61 16 1616 66161, 661661616 6661161 Li 116 n’i 66666 6 6616
6161166 61 11 11611 ,1161 1661 16611ιι 11616166166616161666 6166 61
166111111611161 616161 61 666161666166166161 161 666111 166
66661666 6166161161. 2116 6’66 616 666 6 666 166161 616116
166666, qu'il i 61611166166, 611161161 61611616616111661, 116666
1616 vile 61, 61611 il 11 66 611666, 61 161116 6116161 166 66661666,
6166 il 6611 161 616166 grant 661611, 6161666 6616 66 161611 666
16 1161 116 61116. 3 1116611161616611166, 61 dist: „Por 66 66

 

