98

il praenomine, 111 111 11111, quar ge 1111111111111111 11
1111111111111, quant il 111 111 111 1111111111 11 11111111
1111111111111111111111111. 111111 111111 1111111 trop 111111
1111111111 11 111 1111111, Ι111 11 11111 1111111 11 11111 1111111Ι
2 Quart 11111111 11 111 1111111 11111, 11 1111 1111111111 1111 1111
1111 11111111 111111 1111111 palos. Quart li 111 1111111111 11
virent, 111111111111111111111111111 1 une part. Adont parlali
emporeres 11 Rome 11 dist: „Marques‚ 111111111111111111111111,
111111111111 111 11111111]ι 3 ,811111 1111 11111111, „ge 11111
111111111111.α ,011111111111111’,“ 1111111111111111. Δ 111111
111111111111111 111111 11 obumbres 11 1111111111 1111111 1111

1111111111111 111, 111 11 11111111111111, 11111111111111111,
1111 tint mont 1 grant 1111111111, 11 1111 111111 envers 111 ,11
1111111111, 11111 111111 grant 11111111, 4 111111111111111111,
111 l’en 111111 1111111, 1111’111111111111111; si dist: ,8111111
Ι1111111111, ge 11 111 111 pareus 1 11111, 11111 111 11 plus 1111
11111111111111ιι ,11111111,“ 11111 il, ,111111111, 111 1111111
11111, 11111 1111111 11111111111111, 111111 11111 1111.1 1111·
ques 11 1111 [74⁸] 1 agenoillier por eus mercior, 111111 1111 11-
1111111111.

111111 11 111111 1111111111 en 11 1111, 11 en 1111111111111
dirt: „Ou 11111 a oie 111 1111111 11 li 1111111 111 menti! 111
11111111 ge 11111111 11111111 111111 111111 1111111111111 mir
1111111111 1111111, 1111111111111 111111 11111 11 1111111
1’11 111111 par-tiz. 2 Laun'no entra en 11 chambre 11 manda 1111
111,11111111111111111111,11111111; 11111111111111111111
11111 11111 11111 chambre 1 privo, 11 11 1111111111 111111
manda, 1111111111 11 1111, 1111111 11 parti del baing 11 11 il 111
111111 1111 ou 111. 111 11111111 li 1111111 son 11111111 1111
1111111. 3 (1111111111111 11 11, 1111111111 111111 11, 11111
11 1111111111 11111111. 111111 11 1111111111 11111 111 11 111, 11
111111 11 1111111 braz 11 11111111111 bosia-3 1111111111 111
defendi 1111111 1111111. Quart la 1111111111, 11 dist: „Porqroi
11111 111111 4 01111 11111 1111111 111 1111111111111111111,
11 ge 111 111 1111111111111111111 mes 1111111; 11 1111111111
11111 111111 111111111 11111111111 1111111 ,1111111 11111111·
1111, ,1111 11111111 droit encore, 11 111 11111 por quoi: Quantlr
11111111111111’1111111 qu'en ere, 111 qui 1111111 [74¹¹] 1 11, 11

 

