95

101010011010 10 riom 2 puls 00011011001, 0010011Ιο 011000 001011
101111010ος 000110, 01110100010 10110 011010101101, 0001011
011 10 10 10011001 01 01011 00110 00110 0000 1010000010101 0011011
11 0010011011 01101 10 110 11101000 01 0011011 11 0010110 001010110
100100. 3 11001111 101 01001001011011 00, 01 0101111011 1101010
01 01 01001 amor, 01011 n’en 0010111110101001000. Les 0010100
11111011 01001110, 00101111010100 01011 0110 0010 1111. ,101
1011 1101 10010010, ,00 beaute 01 0010 01010000 01 10101 1000001
00011100, 110101 01001 0100100 01 00000101 10 Rome, 0101 11 00 001
010100, 01011000010110,1 411 1011101 1111 10 010010 101001
000 11010, 0111011 ,8110 00 11 011110, 01011000001100 10110010
0 00111 Ι10010, 1100 1100101000 0111010 100 0010, 010 11 0100011;
01 001011 0100100110ἰο1, 010100 100100 00 00001001000 0111 101001010
.Ι. 11100· ,11101ιι 110111 0010010100, ,00 100 011 01000011, 010
100101 1101011 01 101 0101011100 [12111 01 1000101 a 100110 000110
0110100 001011 10 111, 00010 100 101101 10 10011ιι ,11110,’Ι 1101 010,
,1010011010α Ele 0’01 1101 0 1101000, 01 10 01101 00110 01010 01
00100’0110110100 110110010010, 0111011 ,Α 11 01 11010 00101·
„Par 101,1 11011 11, ,0111 11001 00 0110110 01001001 10101 01 01
10000 1111010 01 000 010011110ος 01 11101 01001001110110111010101
1010010010 1101101 01 1101 li 0110010100 10 00010111001101 ,110
11010100 1101 10 0101101010 0011 001101, 01111001, 01010101010101
0101110, 00 01 101000101011000.“ 2 „Cosins,“ 110111 0110010100
10110010, ,001 1010110001 11010100 00110 10100 0001, 0100 il 10
010011000 1111100110 10110 010001001; 01 00 110010 0010101110100,
110100000010111010 10 101 10 010110.ίι ,10110,· 110111 0110010100
10 00010111001110, ,1000 00 01 0001, 010 0100010101110001, 3 0101
010 00 a refuso 010101 00010 01 010111 110 01 110111 101 01 10110 10
01001000 00110 0 101100101010110, 0100 0 00 1010010.1 ,101
101,1 110111 01001010010110110, ,10 00 11000011 100 000110 10010
011010 101, 01010101 00 00110, 10 1011011010 000, 0’010 11101 10
101011, 010111011001100001 01010111· 1 Α 1011 10001101001 li
dui 01001001, 011100 001101010010 100 01 0 101110, 001011 mon,
00 il 01 000110101011. Α 1011 00 0011 1010 01111 010’0011111001
00 0110111100 01 110101001 11010101010101101 001011 [100100
0010 001110100 10 1010100100, qui 10100 00 00101011 10 lul 001111;
00110100100 001100100101111011110 10 0110 0011011100. 1101000-
reor 00010100110 010010 01 10 110011011 0100 0011 10 10 01011111ος

71

 

