70

11111 111 11111, 11 111 111111 111 111 outraige! 3 ,8111 ,² dist
111, ,,11 11 111 111111 si 1111111111, 111 11 1111 reson 11 111111,
111 111 11 111111 1111111 11, 111111 111 111 1111111111111 11
111 11 111 111 111111 autaut, 1’111111111111.“ι ,1)111,ιι 11111111-
- 1111, ,111 ai ge 111 11111111 ,1111α 1111111, ,11 11111111111111,
111 11 111, 111111 11111111, 111 11111111, 41111111111111111
111111111, 11 111 m’en 1111111 111111 111 1111111ι 11111 11111111
111111111111111. 11111111 1111111, 111 11 fu 1 1111111111
parole 1111111; 11111 illa 1111111111, 11 111 prist 11111 11111
11111 111111 11111 dame 11 11111111111111 111111 1111 11111
11, qu'ele estoit 111111111111, 1111111111 [60⁸] 1 leniae, 11111
111 1111111 111111, quant il 11 1111111 paine 111111111111111; 11 se
11111111, 1111111111 111111111111111111 dieu 11111111, 11111111
,1)1111, 1111 111, 111111 vostre 11111111 111, 11111111111111111,
quant il 111 11111, 111 motez mont grant 11111.α 2111111ι 1111 111,
,11 111 1111111 1111111 111111111111, ,11 1111111111 111 mie,
que 11 1111111111111, 111111111111111, 111111 1111111.ιι ‚Cer-
111, 1111,ιι 1111111, ,1111 ,1)1111,1 1111 il, ,11111111111111 vostre
volente 11 moi come 111111111, mes 111111 11111111111111111,
111111111 111111111111111111, quar 11 111 1111 ,0.1111 plus
111 11111111111111, 111 11 111 111 11111 dire, quar 11 1111111
111 111111 11111111111.1

3 (1111111111111 11 111 1111111, 11 1111111111, 111 11111111
1111111 11 dist: „Sire, .VO. 11111111 1111111 111111111 11111-
11111, 111111111 11111 prison 11 11111111 11 11 11111.ιι ,1)1111,Ε
111111111111, ,11111111 ,8111αι 1111 1111111, ,11 11 11111111.
Ge m'en 1111 1111111111 11 Β111111111 111111111111111111111,
4 qu'il vos en 1111 1111, 11 111 111111 11111111 11111 1111 vostre
pais; 1111 111111 11 11111 11111 11 vilo 11111 11 11111111 11 Β11
1111111 11 1 111111 1111, 1111 11 111 plera, quar miens vos 1111111
gela 111 11.ιι „Dame‚“ dist Mar[60b]1ques‚ ,111111 11111111
111111 11111, 1111111 11111 11111111 11111111111111 ,11111ιι dist
111, „ne vos 11 11111 111ιι 11111111111, 11111111111 1111111,
11111 1111111 111111. La 111111 111 1111 1111111111 1111 dist:
„Sire, 1 dieu! (11 1111 1111 11 motez 1111 111 chevalier 11 11 111-
111111111 1111111 11 1111111111111, 1111 part 11111111111
2 „Dame,“ dist li 111111 ,1111111111 11111111 1111111 111111
11111 1111 11 Β111111111111111111111 mis hors 11 11 fu ses

 

