39

100000 011100 000011, que il 00010010 0001100100 10 0001, 0000
01000 00011; 01 1001 000, 0011 00011 000 00001 000010οο0 10 0100-
001000, 01 00 0000001110, que 00 00011 estre. 11 0100000100 00001 01
10000 00001000 0100010 .ΙΠΙ. homes 00000 01 ,11, 0100000, 001 0001001
00100010, 010011000000. 2 1000 0011100 11000000, qu’il estoit 00
00011 01 0011 00011 00 10 100001 0000101000 0100000000 gent. Il 00
1000000 000000, qu‘il li 000110 01101000100000, 0000101000 00
1010011 0010, 0100 001011 00 100000, 01 1001 00011000οο0 1000010 10
000 10011 chemin 01001οο11 00 .Ι. 0001100 0010011; 3 00 10 0001100
001001100110111 000000, 0100 1000010101000000 10100001. 110001
11000000 011 00, 01 01100101 que 00000100; 01 00 00000, que miens
li 000011 110000000 00 .Ι. 100 que toz 1000 0000 01 000100 00 00100
01 que 00 00010100 00011000011 11 00 ,1. 100 Ι000 00 0100000. 41
1001 10000011 10000 ,1. 0010010001 01000 00 10 1101 11, quo li 1000
0000100100 1001 00100110001000 00000110010 100000; 01 quant 11
10 10000οᾱ00,οἰ dist: ,11000000 00000011 000, 00 00 001 en 00010
0011 0 0001 000 01 00 1010000, quar 00 0001100100000010 000 010 ’
100 000 000ος [44⁶] 1 01 101 1100 prendre 00 000 00010 0011100, quar
00 01 00 0010100100 0010 0 000 01 0 00001*

En 00 quo 11000000 10 10000οᾱ00, 01 00 00101 00010, 011 001011
1100 00 000, 010000010 .1. 000 0000100101011, 00 11 10 0010, Ι
00001 10101010 10100ος 01 010 0010000101, quant 1110 11000 0010011,
sivit, qu'il 1010010 0001, 2 quar 10 1000 0010111000001100 01

100101010010010000100. 011001 00000101100000010010 001 01011 ·

.Ι. 00100, 100110 1100 001011 00000111000000001 000000, 01 0000010
0001000001 01011, quali 0001000 10100100 00101100000111000000001
00000 011000 01000011, 00000100111 00001000 001000 01 1100010-
10001010 100001. 3 En 00 quo 11000000 000001011 0001000001
100100, 01011 ,11, 10010 000100 01010000 1000010 10 100100, 01
que .I. hom i 000111100 000010 0 10 00010. 11100100 0000011000οο0,
quo li 0000000 100 100000 01 100 0000101000 001011 11000, 01 011, que
1100 0101011 000 1100 0000100 01 que, 4 00111 10000011, il 000011
00 00011; mes 10100 00100, 0100 001100000010, 0001 11000010, qu’il
00010010. 1110000011οε 10010 10 100100 01 0010 100 00100000
0100011, que 00 0010111000 vine. ,1100 10010,“ 1101 11000000, „em
00010001 010, quar 00 00 00010 00001 00011001* 111001 00000 11 101
00[41·]1100000 0000 010001, 01 01100 010 10100100 1100010100
000 10001110 1010 0010010110ος 0111000000 10100100101110, 01 100000

 

