149

616162. Presel 28. Ρ16666126. (066666-1161666) 26666661661616-
Presael 26. bus 9.

(66666 1166666666) 666 6666161666 (066666) 2666666, 26666616 61.
,13. 19. (0666666) 2661166666 9. 26666666

(Β66666 61666) Bonas Ayers 6. 8. 2666666 6.

9. ll. 12. 28. 26. 22. 28. (066666, 11666 66) 116166 66 66661·
166, N. 66661666 58. 1166166 58.

(066666 661666, Alvaro 116666) (Chora-gum) 26666611666611.
Albemuso 066666 66116666 28. 06616166 69. 66616166 16666 64. 68.
A. 0666666 66 Β6666, 1166166166 (016666 66 16 Ρ1616) 61116 6666
0. 66 Β, 30. Alberniso 0. 66 Β. Ρ1611658. ,

39. 1416666666 0666666 66116- (Corpus Christi) corporis Christi
666, 41666666 0. 6611, 6166- 24. 0. 0161661126.

6666 0. 66 W. 29. 616166 06· (66666666) 06666666116666666 18.
66666 66 Β6666 39. 49. 41. 42. Oumero 6. Gomara.

Alwiso 0. 66 Β. 39. 616166 06- (06666166661166666666616 16. Kue-
6666 666. 39. 41. Abernuso 66 6666666616, 6666616616 15.

Β. 31. 0666666 29. (06666 oder 06666) 11666666 58.

(Gabreta, 616666) 616166 6666666
12. 26. 41. 666166 12. A. 21. 666666, Dabam, 116666 6. 1666666.

(0666666, Antonio) 6616661066- 1166666666 6. 16666116.
rero 29. (66616661666) 166666166661 34.

(0666666, 661166 661 Phielogo 66 16666661666611. 26666666661
666166 41. 11. 20.

(06616, 6666166116) 6661116, cal: (6166 66666) Ρ61166 11166 48.

166, 061166 68. 66611661. 616666461166.

(0616666616) 1161361666, (1613616666 Diembus s· Timbus.
13. (66666) ’166666 41.

(06166666) 66116166 25. (666616, 066166) 666611669666616

(0666666666 oder 0616661666) carcha· 12.
661626061666661666216616666 66666666666 16.

6616 32. 66611616 21.

(0616366661) Karekhokios 55. 6166666666Ρ6666666 (1666).
6666661666,6666166166116666· (6661666) 1166616661 69. Engo·
kaykies 56. 6666666666 59. 1666163611.

06666666 6. 06666666. 1166666666 6. 1166666666.

1161666166 6. 1166666616 (66616116 66616) Spiritu 666616,

Carion 18. 16 616 20. 22. 23. 29 86. 666616 65. 66. 666616 66.
616 32. 40. 42 616 50. 64616 56. 1166166, 6661166, 6661166 6. 666166.
69. 61 616 63. 06116612. 061166 66666 6. 6616.

066666 6. 06666. (6666166166) 666666166166 69.

(chanan salvajieos2) 266666 66- 616666666616667.

16666666 15. 266666666 6616- 66666666661666661616 44 16666-

’,ζ6166666 14. 616666 43.

 

