30

luerent mont, 1010 00100001 11 0000011100. 101100 0’00 000111001,
01 0100 10101 010 10001 00 00100 01001 001010 01 001 10000 1010,
2 00 11 100 00001011010011, 10001100 0100011101, 000111 0001001011
000 011001; 01 1001 qu’il 00101 000 001100101 10101 00010000,
01010 00 310011 00 000 11101 11 0100010100 100 li. Li 0010010100 se
1011001101 010 0101 00 000000, 01 'li membra 10 00, qu’ele 00011
1001101, 000 000 01100 1000111001 011011 11 10100 1010 0001100
0001 3 01 0’00 10010011011 1010 000 11000001000, 1000 00101 00 00011
010 11010 0 000 00011. 1101011 membra 10100100, 01010 0001101
001 101, 0111011 ,000000 mes 00 10 1010010100 1001000 010101
1001100001 .Ι. 301000 01 si 00 100 00100101, 000 1100 mo 10111010
00103; ja 10 11 0100 01101010100100 0100, qu'il vandra, 100011 00
001010 si 101110 001 10011, 000 11 mon 00103 00001 1000011ος 001
1100, 3010001000101, 011 0010001101000011, 000110’00101000000.1
1010 00 00010000 0 001000001, 0001001 010 101011, 01 dist: ,(10 0011
0010 1011000 10001010, 0001 11 00111οο 00110 011100 01100 01 101110
1100 01101111 baron [40⁵] 1 0001; 01001101 101000, 00030 1 0010,
000 30 00 1000 1100 10 101, 00 30 ,000000 0010 1001, 000 30 0010
10οο 001011

Quo vos 11010 30 00010011 11001 10 101000101ἰο 10100 100 0010
00 31000 0000000, 0001001 010 0011011 310001 10 00000101 0110 jors
01 10 0010, 01 00 101 1100 10 101, 1001 000 010101οΡ000οο 110110
2 La 10010 010010 00 00 chambre 00 11000101 110010 1010001001,
0011110 000101 00011, 0111011101 01100101 0 10 10110 00000 000
1000100100, 000111 001011 00010110001010. ,Sire,‘ 00 1101101000-
10110, ,30 010 0010011 1100 10100001, 3 000 30 00 001010 00000101
0100001101, 001010 1001, qu’il 001011 0 0101; 0110, 000110 0100100 ,
0100 101001000οΙ 1 ,0011001 1101 11 0010010100, ,00100110101 A
tant 10 11010000 0100100 01 11 1 0101. ,1101000011 110110010010110,
,1100 00100 000 00000 0000111001, 000 30 0101 1000111 4 ,1100101
1101 11010000, „bien aient tuit 011, 0011100 100 0001001, 01000, se
vos 00 0010011 ,1101000011 110111 0010010100, ,0000 00011 ,81101
1101 11, ,0010010101 0111100101. ,110110000111011000010110, ,001
0001 100 1000 0001 1100 00 1011000001010010011 01 1οο30001001;
11 001 00010000 011000 1000, 00000010οοηο 1011 11001010, 01 il
sera 1100100010 11 jors, 0001001000010000 0000001; [400] l 01
011, 001100010001010100, 00 101010 101 10000101 ,1101001
1101 11010000, ,00 0011100 00110; 3000001, 00 000 0101000, 0001

 

