(Fugger) Fuokher 61.

(155555, (1555555 5. Gabreta.

(155155 5. vanegas.

(35555, Ρ515ο 1515) 15 (155555 51.

(155555 5. 0555555.

1155555555 62.

, (1555555, (1555555 5. Yapirun.

(35555555 5155 (1555555551 1115
Genu 5.

Gienge 62. ,

(Gomara) Oumero 2.

(1155551122. (5. 51 anm. 2.)

(Guajmpos) 8555555553 31. Β5·
5555555511 32.

(6555551) Ρ5555555, 15555555 52.
Payhonos 51.

(Gauranis) 3555515 9. ,

(35515155) 8515155111 42 515 45.
351551515 45.

(6555515515) 11555153551151515-
gen 20.

Gulgei60n‚ (151351555553515555515.

Η51555, Η555555 65. Η1515132.

Hannego 5. 11555355.

(Η55555155, 1555) 1555 1155555155
23. 24.

(Hieruquizaba) 1555155 355555, J.
35515, J. 355555, 15555155 35·
bye, 1555155 35555 46. 15535155-
55155 62.

Hispania, 1115555155, Η15515515 5.
3555155.

(1155515515555) Η5551555555 1. 2.

15515 15 ’1555555 5. ’15555155

15115 1. 5. 21. 33. 64. 65. 61.

15115555 1. 9 515 11. 13. 14. 16.
19. 21 ff. 1551155542.

(Ipyta) Jepedy 16.

(15515 515515515, Domingo Mar·
tinezdeJMarJhinDominigoEyolla
24. 11. Domenigo Ε. 23. 24. 26.
26. 28. 31. 41. 45515 48. 58. 60.

61. 11. 'I'homenigo 11. 26. Dome-
5135 11. 11. 60. ’1555555135 11. 11.
61. Dominig011.22. Domenigo
Ε. 24. 11551515 11. 23. 15511561ΙΔ
11551515 Thomingo Ayolla 21.
1155115 Th. Ayona 12.

(Jarayas oder Xarayas) 35555555
35. 31515 39. 35555558 33 515
65. 61. 3555555555 36.

155516 36.

(15151) 35555555155 47.

Jepedy 5. Ipyta.

Jeperun, Jheperus 5. Yapirus.

(1555515151 1555555555 54.

15555 5. 05515155.

15155 25.

1555155 355555, J. 35515, 1. 355555,
15555155 35555, 1555155 35555,
Juegriehsaibe 5. Η15555515555.

Κ515ι555115, Κ5555555115, 11515155-
55115, (1555555115 5115555155.
Κ5115555 5. calderon.

1155551555, 55555555, 1155551555,

555555555, 11555155, 5555555
44 515 46.
555555555111, 11555515 5. (55555555.
Κ55515555155,Κ55515555155, Karch-
555555, 115555555155, 11555555]-
5155 5. (1551355555.
5555555555 53. 5555555555 52.
115555155 5. (15555155.
1155155555 63.
11551116, 11551155 5. (15115.
11555555, 1551 15 58. 15515 58.
Kuremagbeis, Kueremagbein, Kurg·
55515515 5. (1555555555.

(5555555155555555, 15555555 11.

1151555555 52.

515555551515, 15559.

mima) 515555 58. Lyeme 51.

(51555555) 51555555 62. 55555555
65. 1515555555 66. 515555555562.

55551155, Jerg 9.

 

