41

111111 1111111111, 1111 mont 11111 mal 1111111 11111; 11 1111, 111
ja li mangiers 11 11 11111111, 3 q'u'il n’alast 11111 h 11111 1111
mandor, 1111111111 1111111 ΙΙ 11111 11111111111 1111111111 11
1111111111 1111111 11111111 111 111, 11 11111 11111111111 111111,
1111111111111111 111111 1111 11 111111111; 11111 cone 11111
111111111 111111 11111 111111, 11 nuqua 11111111111111111
111111 1111111111111, 11 que il 11 11111 11111111 111 11 111111
11 1111 mort, que onques 1’11 11111111 111111; 1111111111 1111111
1111111111 1111111111 111111.

Quo ,111 11111 ge 11111111 11111111111111. 11.Ι.111111’1.ΧΧ
11 11111 [481] 1 1111111111 1111111111 111111111111111111111111
111 11111111 111, tant 11111111111111 1111111111 1111 du:
„Amis‚ 11 1’11 1 1 mes que Χ. 11 XXX.¹ qu²il 11111111, 11 11 111
1111111111 11111111 111 tons 11 11 table 11 1111111111 11 1111
1 1111111, 2 quar 1111 meminent 11111, 1111111111 1111 (a, 11
11 il i 11111111111111111111, vos 111111 11111 1 1111; 1· 111 11,
111 111 111 111111111111 111 111111; 11 11 111 111 1111111111 11
111 111111111111111 1111 111111, si queil 111 11111111111111111
11 111 1111111, 3 11 111 dame 11111111 111111111111 111 11 11111
1111, 111 il 11 11 1111111111 111111 part 11111 111111111111111
11111111 mont 1111, quar 111 111111 11111 111111111111111111111
1111111111111 11111 1111111111 ,,Ρ11111,“ 1111 11111111, „ge 111111*ι
Α tant 11 111111 11111 por 111 111 11 11111 11111114 1111111111
111 11111 en 11111 111111111111111111111111 11111111, qui 111111
1111111111 11 11111. 011111 111, qui a 1111111 11111111, 1111 pri*
trent garde, 1111 qu’ll 11 111111 1111 111111 11 1111111111, qu’il
11 1111111111 1111111111111111, 11 111 autel 11111111 11111
111111 111111 ge? Ainz 1111111111 111111111111111, [41111
toli il 1 .III. 111 chios. Li autre 1111111111 11 111 111111111111
111111111111 111 111111, mes 11 11111111. Α 1111 1111111111 1111
11111 por garantir lor vies, 1111 11111111111111111111 111 bien
ferm03 1111111 11111111 que 1111, 1111 11111111111111111 11 11
11 11 11111111, 1111111111 11111111111 111 11 11111111, quant
il 11111111 11 petite 111111111111111 1111111111 11111111 11111111
1111 1111 parmi la 1111, 11 11 11111111 nul 11111 11111111, 1111 11
11 11111111 111111, 1111 que il 11 111111111111 clericales 1111111111;
11 111 11111 come 11 1111111 11111111 1111111111 3111111111 1111111
111 111, 111 111111111111111111111111 111 1111111111, quar 1111

 

