XVII

4 61616 26110, 16616 2612, 116 1616161116 661161616166 (61) findet

6161116161111111111111, so 1161611166 2912, 1111161611 3211, 156116, 166116,

jocus ergeben 1161 J ΟΛ 116 forman lius, gu, 11, 6-1-11 6111161611
3 ¹oin 11611ι 1161116 2616, 1161113511,1014, 61 = 6111161611ΠΑ1
1 1616111166 J 3014, 1611616111 8512, 16116 J 9014, taut J A 3311,
, faus (101116) AJ 3912, 6666166111116) 3213, 61 = 61 in C: 6116161
1 4711, 16111 gibt AJ tout, 716111, J A haben 1111111. wie 666611·

2718, 1116116111 3016, 1611 A 4011, 16611 61611 P 9411 666611, 1-16

1 2 s in J(v)cA: grans 11 661, haus 116 161, ,1616601162

1166 Α 26110, 66661111661011 2811, 16166 (16161116) 12815, 6 61611
61611166161111111116161611 in O: 66 (66) 2714, 666 (166) 8111, 66
(66) 5114, cil (611) 1212, 1110011 haben meist 61616116 1111111
6161161 (166); 0616116011,2511, 6666 Α 2612, 661(6611111)012614,
6611111614 2718, 666116 (611666) 1 3113, 66161116 2715, 661116 0

1 5914, 616166 (6116111116)1 3211,166111161 3713, 6611161111 14312,

6161611 26110, 1166116 V 4512, merobis J 2614, 6616661611616111
Δ 2714, 16611116 A 2714, 66 61111 11611116 JA 3313. Dio 6116611651111,
von b und 1 1111661161 116 1611611161 6616616116111111611116111116111
66111611 26110, 61661116 2813, 1616111161 1611. eg. nom. 161161 bei
JA 11, 666. 16, 116 pronomina mi, 11, 61 1161111611 1111011 vor, 1116
15014, 05311, A 4114, 7512, 6161116 (16) 1161 V 3111, 3414,
3911, 1512, A 2612, 3111, 66 (66) J 3814, 2716, JA 3711, 116 161111
1116111 2811, 661 J 3613, 3912, 18214. In 1611 161166111161111101
1161166161 1161611161 116, 16, 161, 661 116 J 3111, 6114, 0 6114,
16 J 3914, JV 2711, V 6013, 0 26110, 2817. 2911, 9213, 5012,
116 absolute 16111 166 poss. pron. 16111. 1611161 meist 1116161616, 6616
in 10, wie 3513, 9111, 9113, 166 616166166166111616 111161 11616111
111110, z. b. 3312, 6 61611161 666161161161 16116116 1616161611 mit
16111616 111 J, wie 16116116 2711, manc 4314, 166 3612, 16616116 5013,
6166665013, 611611 11 16116116 5413, 1611166111. 661161161611 1111666
A 6912, 11116116 161 1 im 1111. 66116111 61611 wider JVOA 611,
1611166 im 11116611. 111 661111161161117011, 66 6111161166 J 3011,
61161166 JA 3514, 10 3913, 6616116666 A 3911, 6611611666 Α 3911,
11611166161166 6114, iens: 6611011616 10 3911, 611611611 3012, 3 pl.
pf. 61611161 verba: 11661111οΑ 2612, 1166111Α1 2712, 11166111 JA
2618, 1111661111 3312, 166116661101 2619. Α116 16616166161116111
6166,1666116661116111611611 Acv (wegenA vergleicho 111611 auch 116
1666111111,1611161166111111) 6116161Ρ11161116 6161111611,1111116111 116

Rom 16 unque· b

 

