11

Ι661666166661666, 666 6666116666 6616616 1666666 666. isira, ’61 61
1666666 666 66661 grant 16 666, 66661 vostre marestre vos 161 1666
166166166; 61666666, sire, 61661 6616666, 6666666 666616 6666666
bien pres nostre anemis. 4 1166166666 sbosme et 1616166 666 166 666

Α 66666 666 166 autres et ieirnss nostre 1661 66661616166166, 1661

666666 furnes 1611 166 61 1611 166661, 61 666 66616666 66166 661
666166; 666116 6661 666 6616661666, 61661 come 6666666666 166-
6661* 511666666666 611166666166616666166661 esbehi 16 666
6666161666. ,stignus dist 1666666666, ,6661 66666116616666
666 661666 666 61666611 ,81661 1166111, ,666 66 66611666166666

’ (166116666.“ ,86166661 111 11 6666666666, ,16166 66166166 6661 l’en

666616 66 66666166.1 6 „Sires 1166111, ,666 66616666, 666 666166
ieme, 661 6666161166166, 66 6616116 niens 16 666 61666661ι ,1166
66666 616,“ (116111, ,6666661ι ,Α6666, 6166, 61 666 16666, 666 666166
fille, 66661616 666166 [30⁴] 1 66 stige, qn’eie 661161 gendes, 666
66616666 6616616616611.“ ,11666666 il,“ 116111666666666. ,Α6666,
sire, 61 66616666, 666666 66166 166 6666 (666 6666616666 16 166
6666, 661 bien 666 66666116161666161616, 6166666166666; 666666,
66666 666 66666 16661166 16 666, quant 16 66166 666 66616616 666

vostre fille, 666 666 66166 666661666616 66, 666 666 666 66666 161
66 66 6616666.ιι ,86166661 (116111666666666, ,6616611666ιι 2,,8166,
si 666 16666 666666, 666 666 reirsigniez 666166 coraige 66 16166666
ires, 666 66661666 (1666616 estre 666166 anemis, 666 666 66166666
6661666 66661 16666166166666166 droit.“ „Seignor,“ 111 11 enr-
pereres‚ „velentiers.“ 3Α16616666616611611 (1616666166 616166661

vers 16 pales. Li empsreres 6161166661 6666666 61 666616 611611
116616666666; 61666611] 6161666166 16 6616, 11 6666666666 66616
16 66666161 6111 dist: ,,11666666, 666666 16 mes (6661666 6616166,
6666 11 661 66611661661 666166166111611 „Sire,“ 116111666661666,
„volentisrs.“ 4 Il 66661 666 6666 666 16 mein 61166 autres· 61 166
66 maine en 666 chambre 6 66616 61 66616 66166 6161166 6666 61
1611 66666111166 1661661661 61 6166, 6 61166666 16 6666, 61 166 1 161
661666. blln'orent gustes 6616 161666, 6611 fist 666166 1661616166
166661 666 61 166 1161666616 16 6166666 mes. Quent liseige orent
mangis 6111 66 166661 beignie 6 166 6616616, 11 [31⁸] 1 1111166661
6666611116 bsl 61 bien 161, 11666661666 6161 6 666Ι 611661 fist
eonehisr, 61 s’endormirent, 6666 (666166 6661661 grant 161661. 211
6666666666 16 rentes 66 16 6616 66666 66 661 66666 1666666 tristes

 

