36

1111 1101101, haben 010 0011 11 101101 1101 1100011111 0111010 001101
1111010111 und 00010 111101110100101111111100 110101101101-
10111001 1110 1011οΡ10110 0000110111. (15) 1101 10101101 dieser
= 2 00110110100100001111100 0051010 ¹, 0100111111111 200 000-
11101 111101121010101011; 101 0111111101 11 Bonas Ayers, 10
110 01110101 2 0011011 1011110001 1101101, mit 160 1101 0110 15381
’ 1101011 01 1011011101 111100 00110110 00111110111001 [101]
10011110’ zu 11100101101011101 10101 11001100 0010101 ⁴, 00 101-
0110101 010 0011 0110011011 11100110111011011010111111Η10010110
1010011001100. 1011011 00101011111 1000101, 100 [010] 110100
1101101 [111101] 1100110101 1110001 1111, 1110 00 011011101101 im
101111 011 0001011 1011 0101 0110110.
11001 101 allen 11011 J 0011 11001100 11100101010101101011101
011011011 1111 1111100 00110[1]0 1111 11111011[1]1ο 11011100]
10110010ο 1111 0110101 001101 1010001101. 1100 [ward] 101001100-
001, 1001101 100 101011 11101011ος 10101111 101 1111 11100101
111110101, 000101 010 Η10001[1]01111111101 [1101010 550 11011;
00 101101 010 400 1101 010101, 110 anderen 150110001 010 0111011110,
1011 1101 11011 0011011 00110 het3 diesen 01011011 010 0101 01101
1101011101 01, 101 01010100101 1111 00101111010011, 1111101101
00101110 00101111, so 0111 011 0011 11001100. 10101011 00110001. “

ο

1 110100 10 Gabreta 1101 01101 101 1100101101 100 Ρο110 de 11011000
auf 001101 1011110100 0100111110 zu 101 11011001, welche 11010111 011101-
1101 11010101101. 801111010101101110111 1101 1011 00101010101011000
1010110, 1011 0010101010 011 1011, 1101001001011011110110000 1110111-
1111110 00101010. 30110 beiden 00111110 10110101 00001 0110 100 101100
1537 110001101 111 0101 01101538 101101 0011010 1110101 110 111010 101
110101οΡ1010. 11001011 11111 11000100010111011 001101 100111010111 01·
0011011010 1010101011000 0001111101 1110010111 (110). 2 11101011·
schrift 0011011, wie 0101 10110 01000101 10101 hier 1539ς 110 11011100
1011500111111110 0101110101101001 010 1011 1101101 01101 folgenden 10
1101110. 3 Vergl. 01010. 35, 01111. 4 8011111101 1111 0101 hier in
101110100011011 1011 010 0011010 010 80011011 1111 10101111110011011-
0010110111101, 1101 100100 1010110 0110 10101 0010111101. 5 Wahr·
0010111101 1101110 101001101101 101 1011100111ἰί1 1101 100110 001101, wie
10110110 100 1101 00110111010010110101010 ein 0110100 1101 101101,
11111011 01 01 01101 11111001 0101101 110 in der 10111 1100110 10000101
21101010101 10110111101101001 1101111οο 110111101 1011010 (0101110111).

ein 81000001 101 001011 111 101 0100111010 0111101 101 11010110 101
1110 1111οΡ10111. 6 001100011111, 011 1101111101100 1010010 11011 V.

 

