123

18 8818 88888188188888 88 888188 181881’88888888;’ 3 888818818
81888, 881 8888881188, qu’ele 8888818 88 888 818 881818 888818 8
. 1188888 888 881888. 118188888818 8888888 8 888188 88 11888 ,1181-

8888, 88 8888888888 888888181 Vos 8888818188, 88818 88888888 81888
18888, 1888888 881 18 88818 88 8888 81888818, il 88 1888818 88818

' 18 88888188 8888188 4 88 881888 88 8188811881 .1. 88888, 8811888
81888 8 818.1 ,,11888,ιι 118811 888888888, ,811; 11 888 ’81888 bien 88
888 881888, 88888818 11818.1 Et 1888888818 88888888 ,

11 88 ,1. 881 88 Perse, qul 88888 1181888, 88 811118188888 888111.

1118, 88811 188818 mont 8181888 88 18188818 888188 88 888 888 “
8811 88818 88111188 8888 88888 8888188 888 11888818 888 8818 ll
home 1818 [861] 1 8888188 8 18 888818 88881888 81888888, 88118818
88 881818 881818, 888 88888 home 1888888888 88888 11. 11888 888818
1888881818 88888188888 88 18 grant renon2 088 88 11 8818 .Ι.
88888181, 881 8888 888818 881888 h0m3 1811 8888818888 88 .Ι. 18881881
811, 881 8888 888818 18888 88 881888 88 bons 81888 881188 88
8888188811 81 8888 188 88881188, 2 88 88888 888 88 888818 11 bons
chevaliers 88 88818 888 188888. 11888 8881811 1888188888 181118
88 881 88 881818 81 888881818 8888888811 88 888818 8881 8888188

“ 18888188 88 88 188 88188 8888818188 88 881888 888881118, 8888 888
18 888818 81 88818818181 8818 888 188; 3 81 18 8881111 88 8888
88 8888888888 88818818888188888 88 888818 818, 88818888818
188888. Et 88888811 88188888 ,1. 888818, 88818888818 8188 88
88888888 18 18 888 88 8888818 8881 88 ,1. 8888188 88 818 ,1. 8188881188 ·
tot 8888, 881 88 1888818 88 8181818888 81 88818 888 8888188 88
1881888818, 88818818 888818881888.1 4 ,118881118888188 ,88 888
188888, 881 888 888818 18 88 88811118 88818, 881888 8818881811888.1
,,1188888,1 1188818, ,8888 888 288888 88111888 88 8881188, 888 88
88 88 8818 8188 88188 888888 888 1818888, 888 88 81 8181, 8888
88 88 8818 18888 88 8818 88 jor3 or 81888881, 888 888 888818 -
8888811 [86⁰] 1 88 mo'n 81888, 88 88888888, 81 888 88 881888 888188
8181.1 ,1)888,“ 11888 8188, ,888188888888818881888 88188 88
8888811.1 11888 88818 1888188 1888188188 8811888 ,1)888, 88 888
8888811188818 118881888 88888 8188881188, 888 11 81888888 88 18

ι 88181888 18888 8888 188888 8818888888 881 88881888, 888 888 888188
88188 8 288888 2 88888 il 818888 8888888 88 818 18 88888 888 888
88181 Et 888 188818 8888, 8811 888188 88 888 888188 8 888.1 Α
8888188181118 88 881 118188 188 188888 88 1888818888, 888 888

 

