13

1111111111111111111111111111111111 111, 1111 1111 111111. 2111
1111111111 1111 11111111 11 111 11111111, 1111111111 1111111 111,
1111 111111111111111111. 111111 11 1111111111 11 11111111, 11111111,
11 1111111111, 111 1111111111111111111 111111 111111, 11 11111 11
11111111111111, 111111111111111111111111111111 1111. 3 (11111
11111 1111111111 11111111, 11 11111111, .Ι. 11111111 11 11111, 11
111 111111111111111111111111, 1111111111111111111. 111111
1111111111 11111111,111’11111111. Li 1111111111 111111 11111111,
1111111111, 1111111 .1. 111111111 11 1111, 1111. 1111111111-
1111111 1111111111 111111 111111 11111111 11 ,1. 111111 11111111
11111111111111111 111111111111111111 111111111. 4111 11111
1111111111111111 1111111 111111. 111 11111111 11111 111111 1111
111111, 1111 11111111, 1111111 11111111. 111111111111 111111111
11111 111111111111111111111 11111 11 [31⁶] 1 11 11111111 1 1111-
1111111111, (11111 111111111111 111111 111 11111111, 11 1111, qu’il
11111111111 1111 1111111111 111 111111 11 11 111111 11111. (11111
111111111 11 111111 11 1111 1111111 1111111, 11 11 11111, 1111
1111111111 1111111, 1111 1111111111111 11, qu'll 11111 11 penso.
2 111111 11111 1111111111111111111, 11 ,1. 1111 1111, 11 111 11111

11 111111 1111 111111. 11111111 1111111111 111 11, 11 1111 11 111
111111111, 11 11111111111111111 1111111, 11 11111 1111111111
111 1111111 11 selino, 111111 1111111. 311111111111 (111111111111
11111111111111111, 11 .1. 1111111111111111111 1111111111
11111 1111111111 111111111111 11 s'en 1111 1111. 111 11111111 111111

11111111, si 111 J. 111111111111111111 1’111111; 11 111111111
111111111 11 111111111111111 111111111,1111 1111111 1111111111
1111111 1111 111111111111111111. 1111111111111111 1111111111 111
111111 1111111 11 11111111 1 11 11111 1111111111.

4 En 11 11111 1111111111 1111 111111, 11 1111111111 1111111111
11 11111111 1111 11111111 1 1111111111 1111111 1111111111, 1111
11111 111111 111111 En 11 1111 11111111 1111 11111111, 11 1111111111,
1111111111111 11 1111111 111111111111, 111 11 11111 111111
1111111111111 [32⁸] 1111111111. 1 Lora 1111111, 11 11111111
111111 11111111111111, 11111111 11111111 11111 11 111, qu’il 11
11111111111. Il 11 11111, 11 111 111111 1’11 1111111 11111111 11
111111111111 111 lignamen. 11 111, 111 111 11 (111 1111111 1111
11111111 1111111111111111111 1111 bien 1111111111 1111111111, 111
11 111 11 1111111 1111. 111111 11 11 11111 11 1111111111 11111 11 1111

nom 11 nuque· 2

 

