2

mout grant joie 1111111111111 11 mont 11 fu 1111 111111111ι
„Soignors, mont 11111 111111 1111111111, 1111 11111111111111111,
11 l’aim ge mont [26¹³] 1111111111, 1111111111111111111, 111111
que 111111 mont oi parler de son 1111.ιι 2 ,81111 1111111, ,gram
mercizl‘ 3Li baron 11 11111111111 1111111111 1111111111 pais,
1111 1111111111 1111111, qu’il 1111111111 111111 1111111111νοί1.
Et lidus respondi: „Volentiers.‘ 4 Li char 1111111 1111111111 1111
1111111 11111111 1111111111111111 1111111. 5111111111111, qu'ele
111111 pas 1111 1111111111 11111111111. 611 111 11111111 1111
qu’a .V1.; 11111 1 1111111 .VI.‚ qui seignor 11111 11 11111
111111 111111 .1. filz; 111 111 1111111111 .ΙΠΙ. 111. 711 1111111111
11 11 1111111 111111, 1111 l’en 11111 11111111 11 11111 11 1111
1111111. 8111111111 11111 111111 111111 1111111 1111 la 111111, 1
1111111111 111111111 baron 111111111111 grant j0ie. 9 Libarna
111111111111 11 111111 111 11111 11 11 1111111111 1111111 1111111111
11 devant 111 1111111 111111. 1011111111111111111111 1111111111
por 11 beaute 11 por 11 bono 1111111, 1111111111111111111, 111111
11111111111111111. 11 11111111111111111111111 111111 11 1111111
11 1111 1111 11 mont 111111111 11111 11111 11 1111111111, 11 111
111111 111111 111111 1111111111 1111 baron 1111. 11111 1111111111,
1111 qu’il s’aseist, tot eust il 11111 111111 [21], 1111 il 1111 1
11111111. 1 (11111111111 11111111, 1111 1111111111111111 1111111111,
qui 11 111111 parler, quar 11 quel 1111 111 il 11 11111, 1111111
111 1111111111 1111111111, 11 11 111111 11111111111. 111 11111111
1111 1111 11111111 111 ,111111 1111 propre 1 .Ι. 111 1111111111 dois
11 11 1111, 1111111 1’1 111111, 11111111. 211111111111111111111
1111111 11 111111 11 111111 1111 1111 11 1111 11 au maugier por·
prise 11 copes 11111 1111 111111 1111111111. 1111 1111111111
11 111111111111 1111111111 maugier 111 premier 1111 111111 111111
111111 1 111 autre table et 111111 111 mestre 1111111111 1111111
1111111, 11111 0111111, 1111111111111, 1111 qu’il 11111111111.
3111111, que 1111111111 aspona, il ala servir 111 11111111, 1111111
11 1111, 11111 servi del premier mes. 4111111111111111 111111 11111
1 111 autre table 1111 pres 11 1111, qui mont 11 111111111111, 11
111 11111 1111111111111 1111111111 1111 111111 11111 table si
111111 111111 1111111111 11111 11 111 111 1111111 11111 11111111
11 servir 1111, qui 11111111, 11 111111111111111111, qui 1111-
111111. 511 11111111111111111111111111111111111111111111111 1

 

