26

66686, qu’il 11861166 16 chambre 66 8611611161, 61Ι dist: ,0181116
1116616616, quant 1168 81168 aime 161668 168 6616168 6 661 gereon,
qu’il ne 16116 86161 166161; certes, 16 morrei de 1661, 861666
166666181661161.1 3 Adont 8’68161116166611)166 1681161168, que
il 16816166, 61 11811 ,116616611661 61 eil 1616668 66116, mes 16
66 861 661668 11618 16611616, 86 16 66 11 66 166 6611668 une·
Lors 86 66686 1616 grant treison et 1181; ,Π 8616 161661611 jen
1611661, que 11 beron serent eeenz 61 que 11 861661161166 joie, et
16 66611616161 .Ι. 166, 1661 16-1668616666866. 41186 16 6118
1661 6616166161, 166 11 8666611668 81 66111616, 1611 666616116 66161
168116; 661 1611111 .Ι. 16 868 membres ne 86161 161116 destruite,
166116166661 16 16661161611 668, 66 16 11166 66161 66 me 1611611
66811 6616616168, quer tele, come il me feroit, 11 11611611. 11681
861611166166116616661 6 616 111816’6[381] 11661, 166 1616
661886 6168 116161.1

Α16618’6616161116116616111 611661, que li jors eperat. Li
6616616168 1681 1616161681 alez en 66 61166616 611 messe. 11116161
8661 6 6611 1666 61111661 1166116816 611166111611; 6116166616118
861616166, 1668 661668 6166116 6611681161, 61 181 11661 bele
obiere et 1166, 81 1661168161116666116111161661. 2 Α 166168 168
que li 6166616168 entre en 16 8616, si 1616116 1618 866 escrit 61 111
16 16116 11618816 61, que li 686111 n’i 161116. 1161816 11 6116616168
in'ez 6116116616, qui 6 661611 ,(16,1 118116166616116. ,111661
1661 161618168168,.1661611 „Sire,“ 1181616, ,1616 168 11161; 3 168
1 168168, quantu 16 686668, 616816 61 161 mie, 61661· 66, 16616
le 16611 66166116, 161 16 161 66116166 6686166116861 8116111611
68161161.“ „De 661 1166, 1661611 1181 11 6116616168. 11661111661
168 161168 111868 61168 66668 661 16868Ι 681661668. Ee vos venir
16 8666611611 L'empereriz 16 6118166116 mein 6116 66616616 6
116161 611181; 4 ,11611661 61661 68168 861168, 16 66861 home de
168116 8668, je 61 16 161 vostre 686111; mont 11 11866168 bien
686668 ; 6611166, 11611668, 16168 6116 16661.α ,1166161 118111616168.
,11661 116161111 11 166816 11661 68 6161116668 61 611611 6161·; 11
1381] 1 16861111611, quar li 16681616161161681. Si 66166166 111
1616 661661 61 66116166 111 aler 16161, 16 dame 66616168 bemus
611611181; ,8611166 168 1661611611 ,1.161, 86 11 168 61681Ι
,(161168, 16116,1 1166111, ,11116 61681 bien.² ,8611661·,1 161 616Ί
,16 16611, 1666681661668, si 66616166 161 66 mon 6618 61 161 1-’11ε

 

