56

111 1111111, qu’il 11 11111111111 111 1 1111141111111111111111111
11111111 111 11111111111111, 111 li 1111111111 11 11 1111 11111111
11 11 11111111. Si 1111111111 1111 11110111111111111 11 1111111111
1111111. De 111 111111111 11111 11111 11111, 1111 11111 1111
111 11 1111 11, 11 1111111111 11111 J„ 1111111111111 11 11 vile„
11 1111 111 11111111 grant despens 11 11111111 1 11111111
11111111, qu'il se 1111111 11111. 1111111111 11111111111, 11111 ·
[131]1111111111111111111 111111 ,Β1111,111111, quens 111
1111111111111111111 11 point 11 111111111111 ,81111Ι 11111
hostes, ,111, 11 11 111111111 hom, 111111 1111111 1111111111 11
1111 11 1111111111 1111111 1111 111 mont bons chevaliers 111111
verroiz 1111111, qu’il 1111111111 11 Ρ111111111, 111 li 1111111111
meismes 11111 11 1111111111 2 ,1111,“ 1111 11111111, ,1 am
il dont quintaine?“ ,5111,“ 111111111111, ,111 quar 11 1111111111
11 jor 11 1111111111, 11 11 1111111 11 1111111111 111111 li 11111
11111 111111 11111111 oi 11, 11 11 11 grant joie 11 dist: ,8111
1111111111, ge 1111111111, 111 11111111 11 ge bon.“ 3 ,8111ι
1111 11111111, „ja por itant 11 11111111111, χ1111 111111 111 pm
11111 ge 11111 1111111 11 111 1111111111 11 1111111111.Ιι ,1)1111·
1111 11111111, ,1111111111 „Siro‚⁸ 111111111111,,1111111111
111111 11111 ,8111ιι 111111111111, „ge 11 1111111111111111111·
,1)1111111111111111 1111111111. 41111111111111111111111
11 11 11111111111111111111111111, qu’il 1111111111; 1111111111
11111111111111 111111 1111111111 ignee, 1111111 111111 1111
111111 111111111 1111 11 vilo 11 (1111111111111 11 111111 11111111
quii 11111111. 11111111111111111111, 1111111111 111111 mines
11 11111111111 maugier il et li hostes 11 [530] 1 11111111. 1111
11111 11011111111111 111111 1111 11111 111 111111111111, quant
il 11111 mugio, 11 11111111 1111 1 111111111111111111111111111-
111111 111 1111 1 11 1111111111. 11111 11 111111111111111111 1111ς
111’1111111111111 111111 11111 1111111111 111111111111 11 11111
11111 por aler veoir 11 1111111111 11 11111111 1 111111. 2 Li 111
11111111111111111 11 1111111111 11111111111 prez; 11 11111111
1111111111111111111111111 111111 111111 belen 11 111111 111
1111 1 1111111111 hostes 1111; 11111111] fu 111111, 11111111 111
11 11111111, que li 11111111111 11 11111 preste, 11 pendi 111111111
111111111111111 111111 .1. 111111 1111 1111111 111111111111111
*par 111111, 3 A 1111111 1111 11111111 11 1111 1111 1111 11111

 

