78

00 001011, 010000000111101, 000 011 0001101001001001 01 100 001-
01001101001, 0100 00111000001 armo, 011 0010110100111011 1’001100;
4 0110100 saut 0 10 0010100 01 01101 .Ι. 000101 en 00 main, qui
estoit gros 01101010, 01 100 001010 1010 (100 haut. (111 0001001
ja 100010 100 (100100 0100101001 0101101 0010 0010, 100 000000 00
mains 10100 0000. Et 1101000010οῳ 10 000101, 01 1011 01001 0000
00110 10010, 1000 10 00110 (100101 0001101100000; 01011, 00110
[64⁸] 1 0000 0001101, 10 0100101110, 0011 10 001, 001110, 0100010
01101 001100 0010110 0111010000 10 bota (101010 110 10100110, 0011
0101000110001 100 100100 01 00 10000 0 001 100 0000, 001 (1001010
101 00101001, 0101011001 00010 (10010010010101 ,1. mont5 0100011
il 010100110110010, 011000100001001001, 2 0000 il 001011 0010 a
01100000, 000 110010 001011, 000 01010100 00000001001; 01 0’00 010-
11001 11000100 1100101 0011101001 0101 00110, mes 11010000 0010
0001 000 001111, 1001 00100 11 00 1001 1101001000, 01 1011 01 00101 devant
sor 10 00110 1100100, 0011 10 fist agonoillier, 0111 0000 descendi sor
10 1000 1100110, 3 si 000 11 10100101 0010000 10 0010 01 111101 00100
100000 (1010010ος 010010 10 11001 (101 010 00011010 00111100 01 dure·
10001, 0011 101011000110001100 (100000 01 100 autres 00000; 01
00001 il 00101100100001, 0111011001, 000 110010 001011, 0011 00 00
’ 000101001 01 0011 0’00 0101001 0000 0100 1010; 401 110001001 en 101
0000011, 000 encore 1101001 11001001. ,80100001 110111010011011111,
,10000 000 01 01 ge irai toz 0000 000110 101, 0001 quant 000 000100
101110000 11 000 (1011010 100110, 00 001000 000 000 .I.“ ,1100111100
11100,1 (110111100110. Α tant 0’00 monte 011 100 (100100. 111001
000011010000 10 001110 [64¹³] 1 10111 0011010010101, 01 011 100010
,1. 000 0111010000 11οι1 00110 (10010 01110001000 001 00 (1000
(10001011 01100, 01 0100000110 0100 110111010οη1 01 11 10000 100000
000100, 0011100011010111000101 10 0010 01 1010 10001 11, quant
11010000 00000111, 01 000 11 0100 10 10000011 0010 0011010 0110101
10 01101010ος 2 01 quant 11010000 00011 10 11011010 de 100101 0 000
00010, 01 010000; 01011 000000100110100011010, 00001 11000000
11 0010101100000 101 000101, ’0011 100011, 0010110 010 01 10 000001
00 010 1100 joes, 010011 111101000 100 (101000001001101011 1010100
100000000110001 100 1100100. Es vos 000 11 00110 000101001010001
3 10 00000101, 00011010οο0 10111010011001100, 0000101 0010001εο00
000101011 101 0010 011000 100 1001011000 01 100 100100 1100 bons
100100 1100101 01 01001 100 101000 10001100 00 braz 000001000 01 100

 

