’ 100

10111 11101100 dena, 0111111111011 101 10011101, 01 1110 0011101
0110101,10011100011111 1011110, que 011 10 10 10101011000111.
4111101111110001 1111100 10111, quant 11 .ΙΠΙ. ,11, 0111111011
10111110 0100 10111011 01 111100; 1010 00110111 11 1010111011
grana. Qui 101110111, 00110 11111100 e'i 0011010110110001111110
’000 anemis 11111 001 10101101, 1011011100 1111 10111110011011011
1100001101110111 [171] 1 Ja il 0101 0011111101 11 0100011
101001, quar trop i 11011101011101110, 1011111 0111010100 10 Rome
01001 10110110, 0 lui .XII. .m. Romaiu, 01 00 10111011 01 100101
0101 1111111011 1111101 1110110111 11011. Α 1010 0111111110 10-
0110101111 Friaom3 2 eavea que 101 li 01 0’111110110011011 1100-
1111100 101100. Limia 10 Friae 111110111101 1011.Ι.11011111
10 001 101101 11111110 1010011110 0111111111 .Ι. 11110 011111011
1101001 001 001101 01 1110 mist 11 main a 100100011011101111111
000111 100 Romaim. 3111111111001 a 00101, 01 1101011110
0110111 100 00101010 0110 feri 10 001 0011010111 10 1111 01 la 11110
11 10110 01 11 11111011 11 1011, 01 110 111010 10111000111001101
01 11111100 1110110 0110111 01 1011111 a .Ι. Romaim, que 111010 01
100101110110. 1111110111 1010 10 Friee 1010111, quant li Frison
11011101111000010 111010 ,ΠΙ m.; 1010 10110111 11 0111110010
10100111101 1110111 1101011 11 11 01 li 11110; 11011 0100110111
1110111 0111010101 10110110 10101010 chevaliers, 11011 111011, 01
1101111011 000 anemis.

[ii0] 1 1110100 11010 ga cantant? 110110010111111111110111011
1111110100 100 .11. 1111, 1111111 0111010100 10 0011111110110 01001
100101100, 0 lui ,ΧΧ 1. chevalier; 1010 1011101011111111001
11101, aina 101101011 1 11 1110. Quam li 1010 1011100 masagam
1011, 01 10 0011101010; 1111111 101111110110100110110110, 01
10 00111 01110100 autres, 2 0111011111010 1111 100 00101010 01 11
0111010100 00101110111; 01 1’0111010011101011 10 11111111110 01
10111011 100 001101, 1100100 11111011 10101011 il 11100011 01 11
101101 100 001101100 1011 100 00100 01 01111011 11111, 11 110 aa li
111100 11, 01 li 010111 10111100101100110. Li 0111010100 10110110
11 1001 100100 01 11011011 0110111, 011110101011100 11 1110 01
1010111, 111111 1 11011101 100 01010. 3 Α 1111 00 1110111 011-

1 1101010110 00111111101110 1 0101111101 100 1110010, 11 01011011,
’ 01 011 00101101110110101 1011111011 1111110110 01 li remanana

1 101 101. 110111101010111111101 grant 0001101 10 101100 01 iuli

 

