XXXIX

avons 1811 818 8881888 8888 8888, 818888 8888 8818818, 8188, 8888

1188, 18 88 8888 88888 8881188 18 8888, ke 8888 8888 811188; 10
3112 (81 888 888 888 88818), 11 3412 181188188188818188
88818 (81 que conseil); 12 3512 Ι 11 888888888 88 8181 888
18 888. 11 beron [1811888] se leverent; 13 3613 (1888811188
8188881); 14 3712 (11 88 8881 gesir 88811 88); 15 3913 888 88118·
sistes Ι 8888 81 grant 1888188881 (11818 hardiece); 16 4014 (81
8888 88 8888 88 88188]; 17 4113 (8181888 ...18888188); 18 5113
(81 11 senti de soi); 19 5114 888888 [pour 888 8811 881181881
81818188118818 (1818 888 88888188); 20 5213 (1881888881)
8888818188 [18 181] (81 88 88888 ...88181); 21 5214 (8188 888 11
8818188881); 22 5211 88118 [8811 18 11881888 811188188818
8888]; 23 54148818 [8888 88188 seges et segement 8888 88888818]
(88188 888888); 24 5413 (81 1881 8881888118181); 25 5512
888188 8 8888 [88188, 118118818888, encore i 18181881 888 881188];

26 5511 venes ens,(et vostre 8888818818 18512 881888881888); ·

27 5514 (81881888888188 28 5514 (regards la 888818 81); 29 5611
(81 888181 joste li); 30 Ι5613 (888881888 81888 81 881); 31
5782 (888 11888 88 11888); 32 5814 (18881881 88888188 88 cens
811118888188881, 88 11 81811 81 11 188 1181; As 88881888 . . .
(888 88 888888 8811); 33 5914 (Adone 8888888 818888); 34
6113 88818 [188 8881 1881 18818888 li 88888888811881888888 8888
88881818888118]; 38 6812 (888 11888818 8888) (888881881888
.ΙΙ.1888); 36 7013 (818881 Es 8888 888). Il; 37 7014 (1811
81 11 ... 88888888) ... (88188888188881888188188); 38 7111 188-
8188 [bien] 88818 (8188 bon 188 8188581), 39 7414 (88 ge 88 8888
8888 moi); 40 7411 (188881 que je vous 88888888) . ..
(81 888888 1888 81 81 ge droit) 1888; 41 7612 (81 81118 l’ost
8881); 42 7612 (81 181 88188 88188); 43 7614 Ι Et 11881888
8181 8 181 [81 88881888 vers 181 8888188881881, s'il 88 881811888-
188 (Ρ81888 88 818811 1181 881); 44 7711 81111888 [8111 88118188,
qu’il 88 li 8818188188118188] (qui 1811 81188), 45 7711 [888-
81888] 88881818 [11881 que 88 8188188 88888118 88881] 8888188881;
46 7811 18 88 818 [88188818 88 18818881 il 888 881888 81 deviarent
8118888 ligel. Quent3 47 7814 (1181 88811 888 8888118 48
7913 88818881[8188, dist li escuiers, 81], 49 8011 (11888 88818
desereire 8 1881); 50 821118 trever [si 18 fist essillier 8188-
81818 8888118888881] (81 181 trusqu’au nombrr'l); 51 8214 (81

 

