16

li 6616 6661 66ἰ6; 16 61616 616616666, 666 11 angles 6661161166 166116
6616, ee 6611666, 666116166666166166; li 16666666 16 6116161

” 1616166611 66 66111 1116661666 6116 gleire, 66 166 6666 doivent

66116. 2 Ge 666 11666166666116116166661661666 1666 6116666, 66
6666116 .Π. 16166, 666 666116 eires moetre: (111 66166611 616 6611116
maugier, 66 6661 611, 661 166116 1616616 616161161; 61166166161661
16 61616 616616666 61661661 66 161116661, 66 6661611, 661 emendent
6 666161 161 6666. 306 66611666616166 baille 16 61616 616616666
6161166 1661, 66611 diet, qu'il 16 6611611 en 666 116661, 61 6616
166611616 661166 611161, 6611 666661611 6166616 6166166161611
ee, 6611616116666666, oe 666616 6666666 genz, 6 661 1161161
666616116 61 661611, 6666611166666661666161, 4 61 6616 ee pensent,
qu’il 161661 6166616 161 16111 6116 1616616 1616161161, 1661 6666
il 6661 16666, 61 6616 66166 66 16111611666 61 66166116616 666161
161 6666. Oe que li 666616166 161 prendre 16 [331] 1 geline et li
1666 661111, 661 66 66116 16 661166 6116 616161, 666616 6666, 661
661661661 6 666 666161 66 161 11611666 61, 66661 1166116111 661166
6661 61 16616611616 161 16111 66 1611666666, 1616 vient 16 6611,
6’661 li 1666, 61 161 166161 16 6616 61 161611 161166. 2 Oe que liem-
6616166 66111116 666 111 61166616 61616 616616666 661 16 661166
1666616, 6666116 666 6661, 661 666161 661611666 16161611161166 61
16161661666116 6166616166 6661 66 61 6166161666 166616
61 16 jore, qu‘il 66 166661 l’ame 66 peril. 30eque 11666616166 6611
16166, 6666116, 666 666611166161166666116166616, 61 1166116
16611, 6611611661; 61116616666, 661 661111 61 66 66116 16 61616
616616666, 6616666666 666 11 666616166 661661611 61666616 16 ge
line, 6666116 16 166116, 661 166161161161166 ames 6 6666, 661 61
6661 661611666 166116 6 116661 66 6661616616, 66166661166 661166·
tendent 66 11616666-16116666 6666666161 61 6666116. 4 Ge que
11616666 661111 16 666 11161 116116 6116166, 16166 6666116 1666166166
16666, 661 666166116 monde, 661 66616611661 66 666166, 6661
6666 ge, qui 6166611616666, 6616611666 1661661661, 66611161661-
666 6661 1666 6 61161 661166 666166. 116161666,66611616666
1611116, 166111 61661616 6616661, 66 6661166 6116166 61 [33⁰]llee
61616666, 666 li 66161 home 6111 61661666 11661 66116666611161 ae
666166 61 61661661661 161 61161616 166116, 1661 li 6616661, 661
les 6666 66 666166 666666 lez. 206 666 11616666 66 6661116166
serpent 61 11 166666611661616 616616666, 6666116 166 6116166 61 166

 

