151

1155515115, 115155555115 14.

(115555155511555115151555611515
1155515 51. 59, 1155555555155 51.
1151555555155 58. 1151551555-

5155 59. 115555ιὶ5 58.
115555555155 51115 (1115555.

(115515151155) 1155511515115513,
1155515151515, 1155515151510,

11555515155 14.
1151555155 52.

1111155155 54. 1155551155 54. 55.

1155551155 55.

(11555115) 115551111, 11555115 15.
1155511014.

(1155555) 11515155 50. 11555150 50.
51. 115551551155515 51. 11515·
5155115555150 49. 1155515150,
1155551155 50.

(1151155, 1151155) 115550515513.

(11511515, Antonio 15) 11115511

515 20. N. Singnora (15 8. 21
515 24. 118. 15 85155151 28.
30 515 32. 40. 48 515 46. 48. 52.
60. 62. 68. 65. 1155115 81151515

22. 28 515 81. 46. 85115151 19. ’

8151515 21.
1111115515) 1151115515 1. 88.

(01515, Ρ511515)1115515(15, 11111-
51515 58. y

01151555101115155511, 0115515551,
01115555551, 01115555555 5111·
1555.

(055115, 1151 15) Η5100555115,
Η. 11555115, 1551115 5.

Ρ511151, Heinrich 1 515 8.

(Palma) Ρ5111512. 1511151 3. 4.
Ρ5111511 2.

Ρ5111155 63.

1151155555 24. 1111551511. 25. (Ρ5155155,)1155, Ρ515555 1215
(11511515, 11155515) Diego 1151- 51511. 19. 20. 28. 29 ff. Pero·
155555 7. 555 20.
(11511515, 115151555 (15) 115151555 (Ρ5155115) 1511, 111Ρ515555 28.
1151155555 41. 60, (Ρ515115) Ρ5151511 10. 1415. Pa·

(Mendozn, (1511515 (15) 0511551115 1515128. Ρ5151155112. Ρ511511
5151155555, 05155115 11. 26. 18. Ρ511155 6. 151151 50. 18.

(11511515, 15155 ,15) Jerg 1151- 2128. 62. Ρ5115121.

15505 2 515 4. (Ρ51515 01511) Ρ51151111555127.
(11511515, Ρ5115 15) 115115 1151· Ρ51151 11561 5.
15115 1. P. 5151155115 2. 5. (Ρ515515)8155511558. 85555115 81.
6. 8. 10. 11. Ρ. 1151155555 6. 40. 58. 54. 85555115 87. 85555·
Ρ1511511. 54. 115 38. 85555115 58.
Ρ51151, Ρ51151 59.
(Ρ5151, 1151.) 5155115 mayor, Jo-
551Ρ55516.
(Ρ5151,1151,) 51155151, 1511Ρ5-
11555115, 1155511115 5. 11551155. 55123. 24.
15115511. 855551151161. (Famae) Payenbae 21 515 28.
1151515551151 8. Nove Hispania 58. 81. Ρ5551556, Ρ5551550, 55551-
1115151151167. ’ 555 28. 15551555 48. Ρ5111556
1115151111151 1. 2. 20. Ρ151555 19 515 21. Piam-
111511511511155. 055155. bas, 1151550 19. 21. 11151555
(11155115 85151515 15 15115151) 21. 2551559 48. Pyombas 21.
1155115 8151515 (15 8115151 18 22. 1115155521. Ρ151551512.

1155151, 55515115 4.

1151151155 52.
(11115551) 51115551 24.

 

