76

10100 00101000 01 0011 0010111011011100 00110100 choses 101 01001ος
01 1’01 110110010100 chier 01 1011, 000 11 sonjoient 010000 1010 01
11 11 11001001101000000 0111 100 000000111100100, jn 1001 00 1001
11 000000 1010. ’

4 Les 0010100 00101011 001 100110 11οΒ0100, 0001. 01010 001011
01 10 1110, 00101011011100001001111001 estoit 001000 0100000011100
100 001000 11011100 101010 manderent 1111011010 et 100 1101101000 01
11 0110101101 01100 dames 001101 soeges espondre, 1001 010 100
0010100 00 1111101111 0011 011011 00011010010100 [63⁸] i 01101100
10111 11011001, 00011 1010101011000010110. Si 01111 00010111010
’100 Seius, 010 1’0110010111 10 00001100 01 00110 001011111100000
01 1001 010 se vini 01011011011, 010 11 0110010100 1101 0011; 011
x 01 10001 100 1101000 101 0010 01 110000101001 00 110101; 01, 0100 010
Ι10111001000001001000, 2 1’0110010110 101 1100101 10 01010, 001 100
001000 00001011; 0111 1 1101 01 10 1011001ἰο 100 berone, qn'il 00
1000001101000001000001, 0001 01001011 01011 000010 ,11100101
00100, 01010101011, 0011010000100000110. 1111110101 00 101011
101101010 00010 10 0101001111101, 01 010 1011 1’011001; 3 „Sine
01010, 00 sonjei 00011, 01000 001010 01100 chambre 100110 01 001000
(10 11011 benus gernemenz, 01 1001000 .Ι. angles descendi 101 0101
011100011011010 001000 0010100 0100100000 0010011010 01 10 110
101011100110 01 01101 ; 01000101ον0ἰο 00 estant, 0101010ἰο 1’01010
0 1000 .Π, mains 01 10 1101010 01 .Ι. 101 devant 1101 01100010 men
0001110 101 011011. 410100 1101111 ,1. 001000 0100 bians 000 0010
011100011011 .Ι. 1010001 1’0111101 00 000 1100 01 10 010 100101100 10
1001ος 01001000010101010001, 01100 seroie parmi 10 001, 01 000
00111011001010 teste. Apres 110 100011 110 00001010 0001001
0101001011100011011 ,1. 0000 10011 00 .Ι. 10111001 1’010001, 01
0’0[631]10010111011 101011 moi et 1101100111 110 100100100111 100
10 0οΡ Er 00 11000010 10 010 desire 01 1010101001111 10010, 01000
0011010101010 000101 ventre. Apres me 10 0110, 010 00 001010
00 .Ι. 110101 001010 010 001001, 0101010 01001000101110, 001 001

’ 0111011011010 010100011011 10000100010100 0100 benus 01100

0100 0100, 01 00 prensis 10 100110, 01 11 0001010 010 01010 000011
00 001 0110001010 00 1011101010. 2 010, 0110 01010, 1101100100-
10111, 01 100 dites, 000 00 0001 0011011 ,1)0110,1 110111010100,
,00110010001000101010, 1001 01010000 0101 001010 .Ι. 01110,
0001000101 00 100 0000011010 001110, 00 100110 01, 01011001011

 

