60

vos‘plesti 1166 66 6616 616616, 66666 66 6161161661 6666 6611616
16 seror 1661661661, qui 661666 666 616 66616 661111. 1666661661
61 6 61661 grant 16611 16 666 6661161 16661161 6 666.1 ,116166ι
1161 11616666, ,61 1 66116161 6616611616 616616 6161661161 616 6616;
3 ge 6’61 666 166161616611, 666 ge 161 1161616 6661661 ,81161
1161 16616666, „bien 11166, 61 ge irai 16 6611666666166616166111
616166 6111666661.1 Δ 1661 66 6661 616 6611611161 11666166 616111,
666 11 6616661661 1611 .ΙΠ., 11616666 61 li hostes 6116616666, 61
16 6116116616 16 661616111611, 16, 66 16 666616, 16 6661 1616661661,
6616116 66161. 411 661616 616 666616 6616116 Β61 1166611; 11
116666 11666116 661611666 616666, 666 11 6166616166 ama 66661, 61
661611 16661 beans 1611 16666116 6161661 1611161166 61 mont forment
sermez 61 6166 61611611666611666 16 0661661166116; 61 6661166161
661 6166611 ,1. 6616161, 66116661 16661116 1616, 61 661611 611661·

giers 6166166 16 166 611166 611616611616; 61 1 66161661 166166-
[55111161666 61661 heles 61 mont 616166 , 61 661611 li vergiers 6161
161 66161 16111666 murs. 111661 66, que 11 661166 661611 si 6666661
61 1611161166 61611616, 66161111 6616616166, 666 1661166, 66 6661,
1 16616 66161, 61616 1 661611 61661 6 66116. 11661661611 16 666616
66166 61616166 161616616666 1661166 6116661 66 661611 grana 16
6666 661 16166 16166; 2 6616 11616666 66 66611 aucune 1616 61 661161
6 Rome, quant 11 1661611, 6166166 616611 11 mont 6 66611 16 61
6 661161 611 661 666611, 66 66 661611 66116, 666 166 1166111666
1166616 61 16666 6666. La 6116616 6661166161 ,XVIII 6661661611
61 eust 6616 61666 6161166, 3 mes il n'avoit 1661166666 16 6166
116616, qui 66 11 6661166161 16 11666166, 6161 66 1 66611 1611616,
6 6611’6666161666616116; 61 16661666 11 666616166 16 Rome
616616, 1666 616 611611 66 666166 66166166166616661616. 116 661
66611616666 61 66 6666616616 61611661 16 61 661161661 66 66111611
Et 11 66111616 1611161ι ,861166 6661661, 666 ge 616 66116 6 61
1661611 4 La 666616 661611 ja 16666 61 6611616666 6 66 61166616; li
66111616 616 1166116611 6111 11611 ,1)6616, 16Ι 11616 6 ,1. 6116661161
61 .1. 661161661666116116166, qui 661666 6661661661161; 66166 le
vos?“ Α166166111166 16 1666, qui 66 661611, 61 1161 66 6611166
,011, ge 16 666116116111166, qu'il 66 16166161, quar [55⁰] l 11
11616616166661 6 666; 6166 16166 166 661666 661161 616166116 1661
66 16 6616, 1661666 ge 616 616 1666661ι Δ 1661166 1661611661-
11616 611161 6116116661 ,81666666 outre 61 666116 6666116616

 

