51

16666. Α 1661 6166166611611166 666 61 661666661 66 16166661 61
1161661616166166 mana 66 161666666166 66666, 666 16 111611
66611 111; 4 11 666666611611666, 61666666 .Ι. 166116 66 66 mata,
61166666661661666161666661666666666166 166666, 6666111 en
66611 ,11, 166 16666666. 11111 6166161616666166 6616166 61616166
16 61666166, 66 6611116 6616116661, 6’1 1666616666661166 mora,
61 66616 16 6666661 61166 661666 ; 6111 1 61616661 6166666166661
6616 1666661116 61 66661661666616111616666 ,166161 61166166161,
6616 666 hom, [101] 1 alna fu .I. 66166 6666616 66 forme 11666
6661666161166 6661 6616 16 66616 66666666 61661 11661661616661
166 6666 166 666161666 atlas 166616661 hors 1616 1666 atlas 666-
1166116661.6666166166; 6616 s’en 6661666661 an 16 166661
6616666661 166 6166666 16661 61 portarent 166 armas 66, 666 61,
6666 6611 66666661 16166, 61 sa 61616661 66 rator 166166616; 61
66616166611611 611 1616 vile 6116661161666 166166, 61 666 666-
66666 666661 habitassent 6166

1666166616 61666 16 6666 6166666166666166616, 3 61 66
66661 1611 6661 grant 1616 61 sa 661661166661166 bonas ganz 66166
16 166661 61 161666 6166116661 166 masona 61 666166166661 166 1666
6116666111 6166616 6666 61 16616 16 gont. 111 11666666 66166 sn
666 thamin 61666 616666, 16616611 6666616 666 6116 66 1666166-
116, 661 61 1666 16 1666 66611 666 116116. 4 Ilusquss 661611 11 166
16 1166166116 61 166611 6616666 grant 61666. 11666666 66166 66
16 6116 6 .Ι. 6661166166 66666, 66’11 6161611666 1666 161666
6661, 616616166166616611661116166661 16 666161616 6616 6611 6
666 166166111 166616161661661, 666 11 1166166616 loa. 0616
6611 66 666616 11666666 66 ,1. 6661161 lit 61 66616 166666 61 11
, 16 6616, 66’11 661611 6 11666666 6166166616666666166166611666-
66616 11 6661661611 [51⁸] 1 666 666666 1666616666 6666166666 6116
11 66616616 61 61661 666611 166666111611666 66166 66 166 61161
61666 6666166 166, 61616 11 661611666 666666 16661666 61 61161,

661 11666611616661616616, 666 666 .1. 666 66’616 66 1166166611
16 661; 61 661611 11666666 an 61 grant 16616666 16 6616 charge,
66’11 666161, 66’11 s’sn 6666111661. 2 Et quant 11 16 6666111166, 61 11
161616111 6666 61161111666166, qu’il 66611611, 666 166 16661
1166 1616 16 6666 66166. 116611166611666666 ss 66166166661666
61 66 1616 66611616666166, 66’1116661116666 3 6116 1666666616,
sa 1666, 66 161661 11, 66 66 1661 66, 66’616 66611 61666 66 666116;

 

