53

¹ 000110 100101000 0000000010, 000 ge 00010000 000 0000 10010100 00

000 go portasse 000000, 0000 000 mon 01101, 00 ge 10000 000000,
0100 000 ge 1 10000 0100000, 100101000001000100.“ 11 0’01 000000
0100000110, 0011 00000100 10 0100101010, 0 00111 01000100 001110.
411 010010101οε 10 00011100000100 000 ,1. grant 10010100 01 01 .Π.
00001000 0000οο000 001 010101100100000100 100 noveles, 000001

³ 11 00010100 10 10100001, 001 01 grant 100001ςο 10001001 00 10 1000,

00101001 0010 01 00000111 0010 001011 0 0000. 811001000011010010-
10100 011 1100000, 0110 00001 01 0111100 0 000 00011001 [111] 1,
00011 00011 1000100. ,81001 1101 li 01001010100, ,11100 0001000100
1000100 01 ge 000 1 0110001, 00 ge puis, 0000 go 01 grant 10010 10
000 0000010000 00, 000000 010000 101.1 11010000 10 0000010, 01
10 00001 01 dist: ,1100 10 000001010101000, 0000000100 moi 000100
010001 01000100 00000 01 000000 10 0100 000 01, 000 ge 000 01010
00110 1000000010001κ 21100110000011101001010100 0111000000 1001
10 00101001 01 monte sor 10 10010100; 01101001010100 1110010000οθ
0101 10 10000 01 11 11010 ,110000 000 00 001010000101000 00100 000-
10011 ,81001 110111000000, ,00100110001 1100110001011000000
10 10010100 0111 11 0001 100 grana 0000 01 00000001 1000 0 grant
0000001110.

3 (10001110000000000011011100 0000100 01 11 00011 1010000
00000 0000 10 001, 01 0010000111100 0000, 001 01000 10 10001001;

’ 10100 0010011 00001111οο0 0100 0000 10 100001, 000 01111010001000;

01 11 01001010100 000010 000 1000101001 01 00001111 000 0100 0000
10 0110, 0111010100000010000. 4 Π 010001 000000 0100000110,
0000111 010001 0100101010 0110 000 10010 10 1001010 0110 010-
0011000, 001 00001 00101001 1100 000010 01 100001010010 ,0. 0100011
01000000 1000001010 0000100100 100100 0100010000 000010 01
braz [52⁸] 1 00000100 0110001100001, 0000 0011 0001001, 100 0000
0000. 11000111 01001010100100 011, 01 0011100, 0010001000100 100
0000110100011010010011100000. A 1001 11 01010001 0010011 10
0100101010 101 000010 01 li demandarent: ,11010100 000 000 01 0100
,1. 010001100 000 .Ι. 0010100101 .Ι. 0000001οο 000 000 0010011 2 ,8010-
000,1 1101 li chastelain‘s, „ge 0’00 00101000.1 11001000 000000001
011 00100 01 0000100001 .I. 1001001, 0110 0101010001 00001 0000 10 ln.
forest. Et 0000111 10 01000101 1100 000010, 0100 0011100001 000,
000 00 100111, 1000 000 1001, 0011 10 010001 10100. 3 Α 1001100-
0110000100000 10111 00 000000010001 10 101 0000010000. (10001

 

