43
langen 55511555 5111551155. 11155515555551 15111511 51151155,
1151115551 11 hernach 15 1111111 115155.

1111 11551111 1511151 51555 1115555155 wasser, 555 115151 155551 ¹,
ligt 55155155555155 551155 551Ρ5151155, 11515111 555 555 pergen
1555 Ρ515, 1555 51551 5151 115151 1)5511115515155’. Ζ5 555555511551
(151] 1555 den 5151155155 Ruremagbeis 35 15511 wega.

(20) 115511 dem 1555155 wir 51555 Aygass 1555511 5555 1111551511
zu einer 55555155 155155, 115151 caries, flegon 50 5511 wege 1555
5555 Aygas, 55 gab (1511 551 5155511115 5515 1511151155 segon, 551
wir bey diesen Garios 1555555 1555 55151111511111151155111151555551ιο
moys 5555 555555555555, 11555555, 55555555 551151, 5555555555,
1155551111 ⁸, vachgekhno ⁴, auch 1155115 5555 55155115, 1111551155 5555
1111555555, 5111155555, 1555155155115 5511511, 115515151511115515555
gennss; 55511 11511555 sy vonn 5551 1155111, 551 555 55551515 555

1555111, 11551555 genug, 11515 1555 paum[w]ol gar 111 15155551. 1⁶
Dlese 051155 haben 515 5511155551, 5551515111511 1100 51511

a
l Ipyta 5. h. 1515111555, 55555111 15155 1155551 55511 115 Paraguay

511 15 555555 11555551 in 555 Ρ51555 5515155515555 vird, 1115 spaniam
5555511155 151555515551151551155 namen 5111 1115 1751111515. 21115
15551155 551 5115151155 (1155551555, 1555515515) 155555 111151 515Ι
1151111311 5555551515 ’15551555 1151555 51151151. 115511 kann 515 151111115-
11511 5115155515 5585155155 551555 55151555515, 5515511 1515151511 551
05151115155 15153555 51551 San Miguel 551 'heuman 515111 35515151
1515, 55555155151511151515151511581 55515 8515115515 1511 uber-
1155111 55511 515111 1511155555 war, 1555111115 5151 1515511555 155 dem
555551515551111515 55 111151151 1511155551 warde (Burm.s.128). Wahr·
551151511511 151 515 ,1115111511ΙΙ ’15555155 55155151 15 1515151155, 5151151151
11511 1151151 55511 551555 5111155115 und auch 555555111551515551751·
mejo 15 51511 11531111 555 55155 5551515 511515 551155 1515511515111. 151

15515 51555155 51555511 151 555 ausdruck ,155 5111515151Ι 5151151115 ,155 “

515551 lunt· goeetzt 11515511. 3 An anderen 5151155 51555515 1555551.
55115515151 (5. 144) 1515151155155151 515 5551115111 ,515551“ 35555515
5155555 5551 5155515115 (51551111 hypogaea), deren bohnennrtiger 5511155
1511 und 1555151151 15155555 vird. 4 55 andern 5151155 finden 11511
51515551155 5555511155 (f. 11), 1551511555 (151) 555 5551151155 (5 38),
15155151 1151151551 515 15 551 (1551555515515 1155515 15555515 115115511-
511 (5515555115) 15 1515151155 151, 55155 11551115 555 155855151151555·
55151115. (Vergl. 51511151, 5515535115381). 5 1151511151 151 555
1551515511135 mark 55151351151151511515535155151, 55555535551151551
snoding· 511515551151118151 (115151. 5141). 1155551115 515111 55511 1155-

fige· ugo· 55 nymp- 5551511115515151155155111. 1. 20).

 

