103

1115515511 ¹, 555 555555 1555515555 [11555555]Ι 5555 55 551555 5515511
5555515555, 5155555 551155 wir 511 einander 151551.

Im 5515555 khan 515 5155551511 5511 Hispania 5555551115 5555
555 15515555 15515155, 55151 055155151111555555, 5551155 515 155-
5515555 mauu 5511 5555555555 855551155 11511551 555 pesulano
551555 prudern Thoma 11555151 55115555, 55 55 5151155 555 555
515 55 155518 55111555 55551, welches 55 5515115155 1155155155
11555555 55555555515511515 5555111551 5555 5555551551, 55511515
515 prieff wurdaun 5515, 551555 155 5551555555 555155 1552 555
15 1551115 5555 an 55551155555155. ¹⁰

(51) 11555555 155 555 55155 55515555, 555155 voun 51555 55
1555 55555555 5551511555 Thumauigo 11551515 Eyolla urlaub bogari.
5555 55 55115 55511155 5111555, 5555 515555 555515 55 5555555 5515
lanng geuene 5155551, 555 155 55 511 jar kay. may. 1515551 1555-
1155 55515551 5555 1115 155, 5551511555 Eyolla, 555555515515151511
“¹ 5555 155555 fflrgaatraukht 5555 15 515 555155555 555, 555 555515
55 5555551555 5555 gab 515 urlaub, stellet 515 auch 55151155 555
iay. may. 5551155 55515 55 551555 may. 55 51555555 5515555, 515
55 15 155551 1115 55115 Ρ15115 51555 5555 555 siah 5551515 5515555
551155515555 555. 1151555 55151551 155 kay. may. 5515555 15 Se· ²⁰
rilla⁴ ribaranutwort, 55555 155 5555 5115511155 55155155 555 155551
unni gueian 55555511555 5555555151.

11555 515155 555 5515 5555 5115 5555555155115 5515555
weg, 55 555 155 5155555 555555511555115515151155θηί555555
5555 555555 55515555 55551155 555515515555 515 5515111555 ur- ²⁶
laub⁸, 555 5555 511515 20 15515551 (iarios, 515 515 5515551

ἡ

1 515555 1115551555 da (155555, 555 mit Oabaua 5155 55551115 55
15 Ρ1515 5155555151 55115. 851555 555 511155155 1555155115515 551·
nimmia dar geschichirchraibar Argeniiniena‚ 1115511155 55 (1555555.
8555515515 5111511553, dara 55 515 551155 Abriegoa geunnen, 555551
5151151551 551 51555 veruachsluug 515555 15151555 511 (labana, 5511
'elehem er 15 555 angagabenan gradu verwaudt war (115555. 5. 141).
2 15555555 05115 5151553555. Dar 1551115555555 515555 anderen 5555515-
555555555 555 5551551555, 55515 555 55555555111 fehlt, 1155515155 511
etwas 5515151115 orthographia in 5551551555 uuaguban (Fargera 551 F,
1553555 551 N). Vargara 555555 5511555555 dem 15515 rainer schwagura
leudona (5. 55, anm. 2) zum 51515515555551511 (1558). 11 D. i. 15
5155515551 4 1).1. 555555155555 5555551155 indias. 511551
nach 1155515515 5555155 555151115515 515 1551311555 5551111558 515

 

