148 ’

8811818181 falle Tobler‚ (1111. 181811. 1871, 8. 1071 und Ver-
118811818111118, 8. 92.

27211 Ac dont vous 8811188181 18 18188; N 181118 8818 881-
1818181 18 18 18181; P 1811 188 18 8111181 881188181 18 1818188;
18 18 18188 81111111 8181 11181 811 818 18111181811181188 objekt
und 811 181111818118818181181, 18181 8118111811818811 181181
11111 18 que 1818 181111811818188.

2113 81 18111181 81, 1818188111811181111181188 1811188188
11811, 181111 1818111181 in 18118118811111 P 18111181, 88 1811
18188 18181181 881118118811181181118111 vergi. 3512 111
88818181, 118111 1426.

2711 NP que 188 8888818, 118 1111181 1811111181 11181
8111111181 888888, 1811111181 181 conjunct. praes. 2plur. G. 1111181-
berg, 11818118818 8111181, ΠΙ, 415; 8181 118 181 mir 8181 seito
LIX. 3 811811111811181 18118 1811811 111 811811 1811181 818
conjunctivformen 1181181.

2714 qu'il 1818118 88111811; 811181181881188 ,81α 1111 im
81181118188181 oft 1181111811, 1111181181, Vermisehte 181-
trago, 8. 90. 91; 1111818181 3113181 818118 8818811, 111 P 111
por 818118 81 8818811, 121188181181811 .1.; 3754 qu’il 18181 818-
118118 181; 88 1111818118181811811188,11 18181181 1813818881,
wie 3814 18111111 881188 1181 881818. “

2705 N 18 188 88118 11; 1181 1111118111 181 conjunctim
818181111181111, Ζ81188111111111818118818 philologio, V, 362
1188818 zu 318. Uber 1181 1888188181 8188 weglassung
188 que berichtet Tobler in 881181 1811181181 1811111181, 8. 181.

2711 1811818188181181188, 18111. iiber 118881 ausdruck 188
1111811181 181 88181181, 181 118818 818118 818181 181111111181
1181811111 18181811818181188 1811 ,8181118118ι 181 (1818
froy 11811 18111181 111 81811111111818118881818811181151811-
1111811. .

2714 881 11818181818181; 81181118181188 puis 18 811-
8111811 181 1111811811 1818111818, 111811181Ρ1818881 8188121
181 11811811 118181181818118 8811118, 1811881118818 118818·
18118; (1188811181811188. 6: Non sono appena 188111 di 1811118
8 1118111818 1118811818 81 1811811.

28²1 81181 81181181; 1181 181 1811181181 118181 188 8111181
181 81181 11111111, 1811 diesem 811 181 81111181 1811818188 8111111

 

