33·

1111111111111111 11111111 1111 411111111111, welche 111
111 111111111 1111 unnss 111 111 wasser 1111111. Das 1111111,
11 11111 1111111 1111 11111 1111111 hetto, als 11 1111111 1111111
111111ι 111 111111111 11111, 111111 11111111141111111111
11111113, 11 1111111111111 stunden und 1111111 1111111 1111
1111111111111 1114111111, 1111111 1111 1111111111 11111111
prunnon, 11 1111111 111 1111 11 wer, 11111111 1111111111 111 ge-
11111111 111 11111111111111 als [111] 11111111111111111 1111
111 11111111 11111111, 11111111 alpalt² 111111 1111111111111
0111111111 11111111. 8111111 111 11111 111111111 1181111111111110
mg· anno 1131111.

’ (12) So 111 1111111 11111111, 11111 1111111 1111111111 11111
111 111 111111 gen 1111111111 Ρ111111111111111 111111 11111111
11111111 gab 111 111111 111111111111 1111111 1111 11111 in
111 1111 stat, 111111111111111111 salte sein 1111 1111 regi· ¹⁶
111 ⁴. 11111111 11 1111111 111 111111 munterte 1111111111 1111
2100 mann nit mehr 1111 560, 11111111111111111111 111111-
11111 11111 111 111111111111111 1111 1111111111 umbkhumen.

Gott 111 11111111 sey (11111 111] 1111 genedig 1111 1111-
111111. ²⁰
11111111 1111 11111 Eyollas 111111 11111111 8111111111111-
lein, 111111111111 1111 11111111, 1111111111 111111111 1111111
11111 11 1111 400 111 1111 1111 1160, 111 11111111 160 lies er
11 111 41111111111111111, 111 111 111111111111111111111111 1111
111111 1111 111 1111111111 mit namen 11111 1111111 1111131121

ineu 111 111111 1111111, (111 11111111111 1111111111 11111
einen 111 1111111 8 loth brod] 1111 111; 1111111111 11111111, 1ο

11111 111 111111.
(13) 1111111111 111 11111 Eyollass mit 1111 400 1111 111
ιι

1 (11111111. 2 1111111, 1111111111 bald. 3 Eine gemuere
1111111111 findet 1111 111 N: 111 S. 11111111 1111311111 tag (211111).
4 Dioeeangabe 8111111111 111 1181111 11111111 durch die weiter 111111
fulgendo mitteilung, dass 11111111 11 111 in 1111111111 riohtung 11-
111111111111111110 1111 811111111111111111111, 1111131111111 1111-
11111111 11111111111111 11οο 111 1111111111 1111111111111, 1111111.
1111 sich 1111111111 81111111 1111111, 1ο 111111111111111111111 11
1111111111 waren: 11111111 11111111 11 111111 111 1111111 1111111,
'elehem 1111111 11311111 111, 111 1111111111 ihm 111 11111111111111

, gmlt 1111 11111 11111111111111.

11111111. 3

 

