125

66 16161111611 16 161616161611616161. ,016 6116 6616611616,1 1161
111616, ,6111161 166, 11661 61 611111, 11166111611116611 161161
6611616111666113,8116,“ 1161 11 6616611616, „bien 1161 66116,
1111 61 1 611 16 1161111, 1166 il se 16116111111 1616111666, 61 166

11161 6611611 Il 661611 bien, 116 mes filz 16116611616111116
116111 chevalier 61, 166 116 il 6616161161116 mon 11 pondre, il 66
1161611161116111 61, 166 116 il 66 1161611 161 116111, 1661611611
16 16111666 61 161 66 n’i 6111, qui 1161111616 166111116.ιι 111611
111616 oi 66, 61 11611 4 ,11116 166 161161161 61161, 6116 661616-
1611611 11161 ,8116ιι 1161116616611616, ,66 166166161161161, 161
66 16 111616 mains, quar 611, 111 6 166 6111161616, 1161116 16 161
661 661 16 1161 11 166111116 61 61161 66 16111611161116111, 111111
66111161, 116611, 11116111166111116, 1611 66116 [871] 11161111
61, 166 116 il 66 1611116 16116111, il 66 1611616 16 16111616 61
61161 11 16, 116116 1616611 16 1161 fil 1661111161 ,111161 11611
11 baron, qui 16 161616 6161161161116 ,bien 166 161161, 1161161
166 6161 1616 61 66166161, 11611166 11611611, 16116 16661611
6111161116 16 16116 661 11166111116661661, qu’il 16 66 116116
161 116111, 2 6161161 661611616111116116111666, 161 1161 Ζο1666
1’6 16116 166116 16611111 161 111116116 solone 16 161, 116 166
6161 1616 61 1616.1 Ε1161 66611616 161666, 16 161616611611 1616
1611161. ,Ο16, 6116,α 1161 1611616111,Ι ,16 11 1616116616 6661
brieve, 11611 6616611616 1611161, 16 11 11161 166161116616161661
Et 61 61 1616 661111 16 16111. 3 111111 16161161166, 161111166611
161 brieve 16116616 61 16116111161616161“ ,061166 16116,1 1161
11 6111616166, ,611.“ ,1161161 6116,“ 1161616, ,1661161116161161166
16 166611 1611611116161616, 16 1’61 1116 16611 16 1611161 661
16 661 616111, 4 161116 116 11611611 16 1116, 66 166 66166 166611
16111611116116 16 1616166, 16 66 166 16161 1661116 1661611161
16 166116 616111, 116116 166 161 bien 6 661611, 116 166 1616166
16661 ,VIL 661166 166 116161611; 6111161 166 61 611161 1616166
611661611161·1 0616116166116, 1161 66 166 661161 166161, 61
1661870]161611616161111161, 11611 11 16161611. (111616 111166
166161111 61161116, 11611166 1661 1616161, 116 11611166 1666
61 mal 1161111 61 1616 116116 66116 16 1611161116611161661611 11161
1616661166116111611 Ρ116 111611 1161 16 166 1661111611166
1616116 666111. 201 16161161 bien 1161116 61 61661 166 .VII.
661166, 1161 61166 666111 1161 16616161111.1.6111·61ει 111611 11

Romu (16 1611161 9

 

