158

161611611113 161 1636161116111611111161. 65.
1111616 11611 1161161 11 1611611361, (11611161161161616 11111116

Ζθώέἓτῃι16611116 61166 116661,Ι stamme 6113111131 116 Spenier in 16161·

116161 1161161 17.
1111616 3111 611 1161 161161 1116116111616 (161 1111161611 166 3611·

161161 61, 1161611 161 11611116 11161611636111661616111161611 1161661 2

161161 161116161613 161 161 1111161611 61161161 1161611 68.

161611611113 (161 1111616161. 68.

1111616 161111616116611111, 11 diesem 16111 zu 116161, 11611 161
1116161616111111161 1611111361, 11616161 61161 marech dorthin 1111-
1611 161 11616611611111366611616 111116161161116113 61111111 69.

1111616 111131 durch 111 116116116111116 361161 11 161Ρ616611161
111 von 11 11161111116161. 69.

Hier 61611 6161 1111616 11 16136 61161 durch 161161166161161111116
161111661161 1113616161 111 11111611 1616111161, 16611611 61 161 116-
1611611116 161161 3611616 361116 36361 1111161361111616161136
1111611 16116. 71.

Der riiekmereeh 6116131 1111611111 durch 166 361161 (161 1116111 111

1616361. 71.
1544.

1111616 1611111 wider bei 011616 61 (20 111111), 161 ihn 116361 f

11616611611113 161161 1111111361 11311113 6116111131 111 111 1611611611
11611 111 3161116113 161 11611161611 116 1116611111111361116116 36
· 1166116 361116116 6116116131. 1111 111613616166111616116161161611
(161 1116316116 111131 ,161661 161 6161111616 111 111-1611111116 161161
11611111361. 72.

(111611 11161111111111111611 661111 einen 113 111 361113111611
161 81113166, 1616111161 116361 6111111113611 11616111111616161-
1113 161 untemehmene 1611161161 1111. 1111616111161 1611611 11161161-
11361 116 116 1111136 16111611113 161 1611611616161 61111116 dieses
1611161, 11616161 1111163 61 (161 6111131- 111 1161116161 in 3111161161
116116 1611163611 11111. 73. ’

111 6161 161 16116111611161611 116 36111116111161111111116 1611
1131111113 werden, 16 111111 (161616 116161161 166111116161111161. 74.

71111611 61 1161 1661 61161 leger 3616111611 161, 11111 61 in 16136

einer 161161111113 16116111116 61116161 und 36111361 3666111 um ⁴

1661 Spenien 3611111 ,111 16661111 16361161161111161611111113 11-
36111631 11 werden (25 April). 15.

111 161 6116111113 eines neuen 6161611616 durch den kaiser 1611611
116 1163136161116 11616 zum 11161161 mel 1111 diener 111116. 76.

1544. 1545.

11161 611161 1161161161 1611611611111113 16111616 (1661111361 ³
(1616166, welche 6161 36361111 1111161161, 11 1611113161. 1116161·

 

