’11

¹ 5, 7, 8 555 12 551 5551115515 5551155 5551 515155516555551551155555

5555 51355515 55555555 151. 11555 51555 51515155555 5151555 51155-
555 55155, 515555 155 5555515 51551, weil 5155 1551555515115 51555
1155115555 1515555 von 55115 555 5511555515 5555 5551151155 551
5511555 515551555551515151155 5111515, 1155155555 55151115551511
51551555551. 1115 51515 5151151555 115551 5155555555 5555 55151

, 5551155555 5155151 John 65551, 551 55551151 551 55515111325
ξ 51551515 555 51555555 555 5511555555 61555515 551. Ι55 5555515
⁵ mich 551515 5511515555 515115 5151555 55 1511151555 ; es ist 5111 15

55551551515 ,65515551555155115“, herausgegeben von R. Pauli, Lon-

* 555 1851, 5555 Ι, 5248515858, 515 511 R. Κ55151 555515515555

551, 5515 1551111 55155 31115 5555 5151 gorne 1551555 55511 555-
5515555. 05 5115515551 55555551551515555 555151551555515555115
goschupst 5555, 15111 51555155155511155155, 5555 1555115 555 15151515

3 555155115115515. 1115555115 5151111555 5111115 wohl nur 51551155-
; 55555 55555515511551 515155 5515151155555 5515, 1511515555 5155555,

511551515555155155151515 1511115151 1555155555 5551111555 51· ’
55551555, 55155 5155 5515111515 551851555551555155515511551
51 555155, Paris 1808, 115551. 8551151155 5515111155 erzuhlung kann
1555151555 551 R. Κ55151 15551 Romania ΧΙ, 5581 515 584151- ¹
551555, 555555 551515 111155155 55 1155115115155 551 5555555555,
5515551. 1555115115 555 1111555151, 5. 147 515 202; vergl. 5555
1511551115, Les 51515155, Ι, 51361. 11555 55155511515511 5555151
5151151551 5155 555551115555155551511555 51155155 515515, lag 15 551
5515155155555. Β51 5555155 55151 55555115 55 5155 551515, 5555-
55551555, 5555 551 15515 515 5551555555 15511 1555, 55 55555551
151515 ihm zugefflgte 55551555 155115 55 5551555; 551151 151 5151
515 515515 55151551 555515111ς 5555155555 15155 51551515515111
551551, 515 5511 55 151 5535535555 551155 55155511 555 5155 151
55555155515551, 51155 5111 515515 15 51155151 5151151551 5511115-
5155 5515555511 werden. 1115115115 5151151551 55551 5155 15 551
5555555 1155111155, 135115155155551555 5515515155, LXXIII, 5. 691 ;
vergl. auch 1511511115, 555 51515155, II, 5. 267 515 272; (1155555,
Legenda 55155, 5. 81; Les miracles 551155115115155, 55151155. 1556.
Ρ511555511.1155511,1Π, 569 515129, 1111115115 555 5551555 151155,
1885, 51 1, 5. 61. 1151 51511 551 55555155 5151111551 151555 551
815515515551. 8551151155 5515555155 5151111555 55155155155 551555

‚Roman 555 Sept sagea 55 515551, hornung. von 5511551 55 111555,

 

