Le ROMAN 1111 1111101111 1111110111.

[000011 Rome 0010110 .1. 00000000, qui 00010 0 0001100010-

ciens. 0010000000 fu 01000 00 00000100 0010100 00 00000. 311
00010 00 ,11 1000ος 10 10 premiere li estoit 00000 ,1.1110, grene
1000100000 00 seges et 100000 10 00000 00100000 00 10 tetes elergiee3
quer 00001 0001000 010 11.1ΙΠ. 00100 1011000 00001 peine et
grene 0000000 0000 0 00101, qui lor 00010 este 10111100 e 0000100100
00 0 100001000 00 00010 0000 100 1000101οε grant 0000. 4 Li 00100 00000
101000101000010000000000 00 010010 0000. 5 cheteus, li seiges,
001 000 0000000 00010 0000, 00010 Ι1. fil, 001 00010 000 unques.
611 100000 000000000 00010000, qu'il 00010 00 0000, 00 1100 000
00000101 [26¹] 1 et 1000 0000 00100100 010100 000 10 0000, qui es·
0010 01 00100, 00 000 10 00000000, quer il 0001000 aeques 0000 0001
00000110. 21101000 10 0000100 0010, 000 li 1000100000 000000 em·
0000000, 0000001000οΗ ΝΠ. 00100 0011 0000000 00 1110000 100000
10 Rome 00 11000000, que bone 01000 seroie, que 11 000000οο0 000100
100ος 00 01010000 0 101 00 li 1100000οι ,8100 000 000 10001000, 000
000 0000010010οο, 0000010000 00000000 0010, 000 il 0001000 0
000000 0000000· 3 ,8010οο01 1100 li 000000000, ,0010001001οη-
01000 0 000000100.1 4,1100,“ 11000 il, ,0000000001οἱ1 110000 e’em
partirent 1110000000 000000οη0 0 000 0000 11101100 liuns, qu’ll 00
000010 000 bone 00 bele 00 001εο 00 00000100 0010010110, 1110 0
.Ι. 100 1010 0000. 1110000 li 00100 010000 00, si s'eeorderent et
11000000, 0011100100000000000010. 811 00 00010000 000 0100 0000
000011, 0100 00 01010000 010 0010 0000000 1οΧ. 100 01000 00010100
0000 10 0000100, 001100 00000000. 1111000001 0000000010110000010
00 00000 00010, 0000 000 il 01010001 01 0010 0001010000 10000010
100 00000010 00000010 0000 0010100000 00 li requistrent 00 11110 0
10000 001 seignur, 0000 000010 li 00000οτ00 1011οο0. 10 Li 100 00

 

