133

„Sire,‘ client li 111111, „il 1111 11111.1 111111 11 11111111 11111111
1111111111 11111 1111111 11111 Posemple:
Il 11 .Ι. 111 11 Η111111111, 111111111111111111 1111 1111111111 K
11 qui l’avoit servi 11111111 1111 11111111, 41111 111 111111-
11111 11111 11 11111111 11 111, quant 1111111111, 1111111111-
111111 1 111 fil 11, qu'il 111111 11 11111111 servi 1111111111
111;1111111111111111111. 11111 111111 li fllz 11 1111111111 11111
1111111111111111111111 pere 11 1111111111 1111111. Li 111111
1111 111 11111111 apres 11, 111 1111111111 [9111] 1 1111. 1111111
11111 li 11111 11111111 11 1111 11111111111111111111. Li 1111
1111 1111, 111 11111 111111, si 1111111111 11111 11111 111111
11 11111 11 11 11111 1111. 1111111111111 111111111111111111111,
11 111111· 11111 1111111 11111111 111111 li 1111111111, 1111
1’11 1111111111 2 11 quant 111 111, 11111111111111111111111111,
11 11 ponsa, qu’ele 11 1111111111 .Ι. jor 11 11 1111 1111111 11 11 11-
11111 11 ruine, 111 11 111111 11, 11 111 11111111111111111111 11
1111111111, 11111 111111 11111111111111111111111. Li 111111, 111
r 1 111 11111111111111111111111111, respondi: ,1)111, 1111111111
11111, 1111, 11 1111111111, 111 1111111· 11 11111111.1 3 (11111
11 1111 1111, 1111111111 1111111 „Gara de 1111111111, 11111
1111111, 11 11 1111111111 1111111111 Au 111111111 111 11 111-
1 1111111 1111111111, 11 dist: „Sire, 111 1111111, 11111 111111
1111111111, 111111111111111111 11 11111 vile; 4 si 1111, 11 111
111, 11 1111111111, 111111 111111111111111, 11 1111111 11
cierge, 111 111111 11 s'on 1111111111 111 111111111111111’11111;
1 111111111 111, 111 111111111111, 11 1111111111 1 111 111111 11
1, 1111 1111, 11111111111111111 11 1111, 111 111111 1111 venir,
¹ et li 11 111111111, 1111111 11111 11 11111 hors 111111.“ Quant
11111111111 parolus, [9lb] 1 1111111111111111, 1111 11 11111
trop 11 1111, 111111 „Qui 11111111 011111, 1111 fu hard123 trop
1111111, 1111111111, 11111 111; 111111, 11 11 11111111, 111
111111 1111111111 111111111.1 ,81111 11111111111, ,11 1111 11111,
1111111111111111111 1111111111 11 111111 11111111 11111 hors
11 lavile 2 1111111111 111111 11 111111111111 1111 111 1111,
111 111 11111111, 11111111 11111111, 11 111111111 .Ι. 11111111
11 111111, 11 111111111 111111 11111 111 1111 1111 1111 11 11
chemise 1111111 1111 111111 1111111111.1 ,Ρ11111, 1111,1 1111
111111, ,11111111111 3 0111111111 nuit 111111 11 dormi, 1111

 

