21

01010001001,111000001010001 1001011000 01 100000001 100 100000
plorant. 2Πο0100000100001000, 000100 0001001, quar 110011100001,
000 00 1001 000· 00, 0011 0001001 hier 101, 01 0’00 001000001 00
0100001000, 0100 10000 01000000 000 000 10 000 10001000. 10100000
00000100, 000 11001001010001000100, 0011 000001, 100100, 0000, 00
1110000001οο 00001000, 0011 00101001100001 hier, 01100 100000 100
00 0000001 10100 00100 00100100, il lor 0000000001100 0000. 310000 00
penserunt, 001110001001 1001001000, 001 00000000 00101001, 00, 0011
10001001 1000 10 00100, 001 00 00101001 0001000. Si 00 01010001 1011
010 0010 por 000000 00 0000011. 1110010000 11 10010000001001001,
01000101110000100100, 00000100100010001100001. 4110000
00000 1010000 01000110100000. Li baron 001000001 01 00100 01
00100011000000000111110010,11100 01000000 10 000 00011 000

0000110 00011 00 .Π. 0111001000 mis 00 .Π.10001000, 00 01000000
000 000111ος 1000 0010001100100 1100 01100100 000100. 1100100000
[0001 01010001 10100 001010 00010 00000 000000, 0001 0000011 0100
10000000100 10 000100 10000, 0000 001001 000110, quant 000 0100000
00 1011000 010 1011000000100, 0001000000οο0 10000 00 0011000; 0000

0000100 010100 0000010, 010000000010000 10 000 .Π.100010οι 000
1000.Ιι 1110001 11000000000 01 00, 01 fu 10100 0111010 ,80 00 001
00010 00000110010000, 0001 10 101, 010 00010000 00010000101 110001
010 1100 101101000001001 Li 00100 11, 00 000 100000 1010011 11001
00 000 1100000, 10 0000010οΙ, 01 0’00 0101 0000100100000 01100 00100
00 01001 01 10011010 3,8010000, 00 00100 00 1010000 10 010001 Les
10001000 0001000 100000000.1 ,0000001 1100000οΡ1 1101 1100000-
00000. ,100010000οΡΙι „Sis-e, oll‚‘ 110111 0000010000, ,01000 11001, .
00000011Ιι Lora 100 00000000 11000000 0000100 101100110100010101,
00000111 010000 001011 0100 01 000001100100100000101001001000010
01 000 XX .v111. 001 00011.

410001 11000000 100 01 00 00010 01 11 0000000000 01 ll baron
10000101, 01 01 01 00101, 10011001 00000000, 0011 00010101 10 00,
0011 00011100 100000 01001 1000000, 01 110100010010000, 00011000οο0
001011001000 01 00110. 101 0000000000 000000 100 100000 01100 dist:
,11010000 000100 000100 00100 000 100000 0100 0000010 [36·]
1000000 0000011, 00000000 1000101· ,81001 1100111, ,110001000001
000 000100, 0100 001 1100, 001 000010 10 000 0, 01000 100000 000-
0010 0 10000110 000101, 01 00 00000000 0010011000 0 000100 0000011
01 00 1100000.1 110011011000000 000100 0111110100010 ,11000000

 

