66

1161 16616666, ,11611166 66616 666666666, 666 666 66666 66161661
Alea 666 66 6611111 ,1)6616,“ 1161 11616666, ,6116161 gie! A 1661
66 mist 6 16 [58·]1 veie 6166 lina, 1661666 11616166Β611166611,
661661166661616611. 1166111616 6161 6 1616 16 16 chambre 66
dame et 166 166616616616 11661666 661161; 11 11666 66 1661661-
6661, mes ele ne 161166111616. „Darne,“ 1161 li 66111616, „li 616
6611616 661 16 1616, 661 hier 6161666116 666 66611; 1616161 ge 661661
66116111 2 „Diva‚“ 1161 616, ,11 11666 16 1661 16 66116 66 66 6666
16611661 Par mon chief, merle 161611 Quart li 66111616 oi 66, 61
666 66161 61661 166161 11 6611 16 66116; 61 11616666 66116 66661
descendi 16666 616661. 16666616 comantia, 666 l'en li 61666661
166661 11, 61 666 1666166166 11 6616661661; 616 161 16661 16 6161616
611161; 3 ,81161611661166 66166 666 666661Ιι ,1)6166,1 11611161-
6666, ,11666666161611666666616161“ ,81161 (1161 616, ,61661 seit
ill“ „Deme‚“ 116111616666, „ge 661 66666 prendre 6666166666 61
66611161 moi 16 16 666666666, 666 ge 66616 666616 666.α ,81161
x 1161616, ,666166666666666616116611 ,1)6166,1 116111616666, ,16
666 161 66611 66611 66 metiri 61 16 prendre congie 6 666.α 1,8116
161166,1 116116666616, ,16 666666666 n'ela pas 61661, 6166 1 et,
666666 1616611166 ,Ι. moisen 66616616 6166161661166 66 06616611-
66116 6116616 1611616 61 61166 161611616661166 66611166 166166
16166661166 1161161 Queri 11616666 61 66, 6166666611, que qui
6166 166611 16 6616616 6 ieme, 6166 66611 616661666[181]16161; 61
61 16161 11 6616611616, 6666 666 16 666616 11166661611, 66 66 166166
6611 66611 61666 6116 cengie 6 6611; 61 11611 „Dama ge 6666661661
6 1166; ge ’66 6616 6166166 16616161.1 81 s’en 616166 61666161
mente 61 66 met 6 16 veie. Querela 666616 611 66, 61 66166661
1616616 2 61 1161, 661166 66611611 66661661; 611161 66611666661-
1161 16666111, ,1)6616,1 11611166111616, ,6666666166111ι „Va‘
1161616, „menie 661 .Ι. 61666161611 61166616 chevalier, 66116
61 66 6611, 61 616 premiere vile, 6611 6666616, 61 16 161 61661611
Ei 11166 66 6166661, 666 ge 11 mant 61661 3 616661166 16 6616
mie 61661 666, 6166 li quiere 166 666 661666116 61 gart, 6611 6616
161661661 66666166661 616166661 16 mien 66611( „Deme,“ 1161
1166166, ,66166116161 11 menta 661 .Ι. 61666161 161 1616 1616
66116 61 61116 chevalier, qui s'adrepcil 6616 une 61661 hone 6116 61
61661 6666166 16 gent. 4 Li chevaliers 1161 16 grant chemin 6111
66111616 66 16 1161 mie, 6166 6’66 616 661666 611666, 61 66611

 

