155

Zur herbeisehaffung von 1050555155015 5155 Jerg 510550551015 mit
einer ahteilung‚ 50555105 0105 5505 3055115οΙ 50115501, 505 Panna
hinaufgosehickt, von wo 055005 5501 15055105 051015105 wider 50155-
50555 31.

5010505555 505 550505 51505 durch 510 5555550505 0555550 505
0550555515, 05055510, 05555555 555 0555551151555. 32.

Der 055555 5155 555050515505, 0505 510 55555 geht durch 510 seuer-
01011050550158050515115515105551ῼΊ 1105055505). 32.

010505555555 5155 55555055 auf 505 00511105 555550550055. 33.

1536.

Der 5501551550 15555 50150, 5555510555] durch 510 5555050505
5055 5051550550 5055005511 505 Ρ55555 55155555, 55505 5555051550555
einer 5510115555οἰ 505 5051055555105. 33. ¹

Die 505555 55105 11155555 500 505 1555 1150150 5055551 5505 5501·
5105551105οτ 50150 55 505 1151550, 50505 1555150 Chora-guam 55505
Spaniam in ein 5105110505 5055115515 tritt. 34.

1)οτ 5501555550 1055 15 dem hauptssecken dieses 55555500 0150
5555105 05 5555155155 (dem 5055055505 05505005055, 01105505 5505
dem 555 505 55155555) 505 namen Corpus 0551511 d. i. 15055101055555
(151551). 35.

Don Pedro 51055055 1150515555 5505 einiger 5015 00150 511550 015
5501055550 dem don 1555 550150 555 505155 0105 nach Β50500 51505
555505. Von 55 005015 05 mit 55501 50511105 5505 3055105 heim, 551551
5505 55555055 505 15551. 35.

550150 15055 0150 5005555115 15 Corpus 0551511 505501 55515551 mit
der 5551ςο5 5055505515 505 Parma 05155555, um 505 Paraguay 55
05010505. 37.

555551550150500505555, 5050510500510 555 5051150550ηά55. 38.

505055015555 01505505 aquatica. 39.

1555511501505 055550 (5515511005) 555 505 11500515. 40.

111οΜ500510 graifen 510 0555105 551 dem 115050 15 15505 1555005
55, werden 5505 zurfiokgosohlngen. 41.

1115150555 15 505 Paraguay 555 55155515 501 505 0550550555. 42.

1555515 501 5051155500 55 500 51055 500 Rio Vermejo. 0010051
55100505 15505 555 505 Spaniam. 42.

5555515501505 055100. 0051150555515505 515505 555 3055551050
055 505055015555 15500 555011005055 50555550. 43.

Die 055105 550505 5055015055, 505 35551055 5150551555 55 1015105
555 werden 55505 55011055 505150515 1550550105115105 1100505 555505-
3051-10505, 5055105005 15015ος05 ubergeben (15 August). 45.

1501501ος50 5105 0150 5010510 55, 5010505 er 505 namon des 50·
5501105505 tagus. 15550105, gab. 46.

550150 salut 5051155355] 51555 zu 015055 1551035553 51505510
Agame, 50501 510 005100 50050510150 1015105 5550505. Die Agazen

 

