110 '

10000 000100 .ΙΙ. 0001100 01, ’00 11 0110100 101 .Ι. jor, 0000010101
11 0100010000, 01 000110001000 1000011011ιο 0000011000. 4
Ἴ · A 1001 00000 .Ι. jor 000100001000000000 0000100 0010001111.
0010000 01010001 01 01000 1011 armo, li 0001000 10 Βο10110100 01 li
0011100 1011000010, 001100 10000001 000 00 100100, 0100 01010001
’ tuit 0101010111ος mont i 01 0100010 000101 00001 10 1101010011
1000010000ιο 10 11000ος 01 00001 00 0101 001010 vespm, si 1000011

’ 110000100100000111Πθᾱ]1011000000010101010. Li 0001000 00 ⁴

prist 0 0001000100, 1101 00 gent, 0110 10000 li 0001000 00 001
0001000010 1001001 0001010 parmi 10 0000 011000000100 001001ος
li 0001000 011, 0011 00· 0000011 01 qu’il 00 0000011 jz 1001000010,
01 00010 10 10001001 10 Rome 01 110011101000101 11 1101; 2,1010,
000 00010000 0001 0001 0000 fillo 01010 000 0000100 0 000101

· 000010 01000 10 10 10001 Et ’00001 li 0001000 0100 111, si 00011

10100. Li 1000100000 001101 10001 01 01 grant joie 1010000010,
0011 0000111001, 000 11 100011 0001001000 0100100 000100010
Βο1110100.- 211 oz 00 (10010000 01 00 01010001 0100100 01 00 00010-
000110 0000 10 100 0010000 00 Βο1110100 01 10010000001 000001
1000100010 0010 100001 00, 000 11 baron 1000011000 seignur 01
garder, qui 0000110001000; 01 0101 li 1000100000 10 110000 0 000

· 0000010000, 001 0 101 0101 01 001 000 00001000 000110010, sili dist:

,101010000010001 00011 Ρο0 10100001 ge 100010 0001000010
Βο10110100.“ 4 Lora 11 00010, 00000111 0001000 11 1011101000101
000 illi 11010010111100. ,Ρο0101,0100,“ 1101000 0000ρο100, ,li
000000 0 grant 00010.ιι A 1001 00100001 00001100. cil 00 prist
garde, ou 000 01000 mist 10001, 01001000, quant 000 01000 10 00-
100010, 01 0101 0 100000010οο 01 1100011010001. Et quant [80211
00 0101 au 00110, 01 0010000001 00101 01 0100001 0 0001 0110000
0001100 100000, 00110000101001 10 0010 010000. Li 1000100000 10
Romo 0101 vers 10 000010, 001 10 00011 entre 1001000000, 01010110
main 0 10000001000, 01 00 0001 hors 10000 10001, mes 001 00 100000
00 prent3 0100 fu 00001 00101010, 0000010 000 0000010000, 011101 Δ
2 „Tu 00 mon 000111 ,8100,“ dist 011, ,000 01, 000 ge 01100100.Ι
Si 0101 0 10 000010Ι 01 11 mist 10001 00 10 main 001001 100100
000000 0111 dist: ,1)000, 10100 00 000 000100Ι peres 000 0000010
00 000110 10 0001κ „Par f0i‚“ 101 10 puceis, ,001001100οἒ 310
000010 00101 celui 0 mari 0110 011 0001000 10 Βο1110100, 001110·

00100000 10110000 00 10 000000 00000100 10 chose, 0011110101. Et

 

