73

or mes 88 8881888818’88 188 biens 888, 88 18818881 188 1888 18888,
81 888 8188188 888 8888188 88 881888888 818 8188 81, 8188 8888 88888
moi, quel part 888 88 81118, 81818 888188 818 81 1818 88 88888188
18 888118 8 08818811881818.αι 3 A 1881 8881 888118 de 181888, 8111
811818 88 88888188, 81888 81818 (1881881188118.
(188811888188 881, 88818188811188 jors 88188 88888 888 18888,
81 18 888188888188, 8888 818 88 88888, 88888818888118811188888-
8818818818 11 81 181188888; 4 8888 818 888188, 881181, 8188818
888188 8 181, 8888 81888881, quant 818 1 888888888 8888, Si 181
8888188 888 8881188888 ,1, 88181881 81111181, 8811 818818 08818811-
881818 81818818 1881818 81 18181 1881, 88811888888 8’88 88818181
8818188881. ,11888811 1181 li 88811888, ,8818818881ι Il 88 mista
188818 [61⁰] 1 8188 88888, 18818811 1818, 81181188 8188181188
8188888, 8818 8’88 818188111, 8811888888 818811, 8111888181888181 “
181888 81 888, 8811 88 8888118818188881888188 8 88 18888, 11 81
888188811 888, 8888111 88818811. 11881 88 188811888888 81888818
888888 8188881 2 8188888818 888 hoste 8181818888 8 1188 8188
81818188818 81 818188Β81 1188818, 81 18888811 18 8888188881
81 888818 8818 8818; 81188888818, 881 1881 1888811, 8188818881-
88188 88881 18888811888 81 181818 meson 88881 88888888, 81 188
8818181118 8188118188, 888 18 888818 1888118881, 3 Quant 818
18 811, 81 88888888 8 818888 81 18 88181 88818 main 8118 88888 88
88 chambre, 81 8881818881 88181 888 888 88818 881818; la 888818 11
, mist 18 braz 88 881 81 18 8881188188, 888811888888 8818818818888.
,81881 1181818, ,888 888118188 888 881 41788 avez 8818 88888
8888181888 8 moi et 1118888888888188881881, 88 888888 ,1.
81888 188888 88 888 8881888188; mont 881 888888188888, 88181881
8118888811888 1881; 888 ,1. 881 188188 88 88811881888 888 8818 888
81881881 11888888 888811 mont 18 888818 18888881, 881881 88888
hom 8888 888888 881888 seme, 888811 888881118811188, 88818 888-
mor, 8811188811, 88816111188818 18 8888 8188888, 81 trop 8 88818
1818181888, 188111 88118811188 88888188; 81 respondi 8 18 8888188
,1)8888, 881 18181118 18 8888, 81 11 188111 88881 18 88188818 81 18
881118, 1818818888111811; 8881 88111 181 888818188, 8888881 bien
18 8881 garder, il 8881881, 88811 888188 181818, 2 88 8818888881
11 8888181888 881 8118888 81 88111188, 8888 188188888818111881888118
81 81888 18 188888, 8188 88888181, 888 888 88 888 8881 8181 ,81881
1181818, ,881888 881881ί 188811 8881818888818, 88888111 8888888888

 

