75

101, 0100, 01000 01 ge 0010 01 001 000000; encore n’a 11000 ,1. 00,
000 00 01000100 00 0011010100 000 1011 01 000001, s'il i fussent.“
‘dAtant 11 00000 li borjois .Ι. 00101001 101 000010 0111000000
00010, 01 00 0101 0 1011010101 droit 00001100ος 01 quant 111010,
01 li 10 0010, 000 101 001011 0100010, 0010 qu’il 000 00011, 01 vit 10
0000 0000100001 0010110001010100 10 011010, 00 10 00010100
000110 100 0100010000011, 4 010000000000 0 000 01100 11010001
00000 0001010100, 1001 qu’il 0’00 100000101 0001111 010010000001
100 0010101 quan qu’il avoient. .1. jor s'en 0101110000000000 10
000101 00100 000 01 0’00 0101 101 droit as 00101100, 01 0000101 0
,1. 00000010000010000000 10 10100ος 0111 0000000 11 00010101,
[620] 1 000001 100 100000 001010010000000, 000 11000000 00011
0011111100, 01 00000110 101010 10 10 00000010, qui 00 povres gouz
011011 01 100 00001011 10001100 0 000100100100 vies, n'i estoit 000
01 000001 1000000010 00011 00 01010 01000001 010 00011 01000 1001
10 00000000 00010000 000101000, 2 que merveilles estoit, 0000
0010 qui 0011010 1000 10 000 0010000, 01 000 0 001000 00 0001001
010010 11 0100 01010 101 0010. „Et coment,“ 1101 11000000, ,1001
001001 li .VII. saige?“ ,Ρο0 101,1 1101 1100000οε, „ge 10 000 11001
3 Il 100 001001 0000 011, 001 01000 n’en 000001, quar 1000001000
00 0001 0010, 0100 0001 0001 100 1000011000 00001 1010 00000
10 questo 101 0000010110 001 100 001000 000110, quar li ostiens 10
001000 0010000 00 001 010004 01 000 101 01100101000000010 0000
0000 0010, 001 0001001 10000101000001000, 010000 0010, 00100010
100100100 000 0010000, qu'a 001000 00000 000 avoir 101 0010 0
0000100· 000 1101 1100000οε „Et quel 0110001011000000010 101
00000101, qui 0010001001Ι „Par 101, 0100,“ (1101 11 0000000, „ge 10
000 110010 Ε100’00011000000 10101 1010 011000 devant, 00 000011
0010 01 1100 [621] 1 00 01001000, 0000 010 0 0010 0010, 1001 100
10 000000 1010 110000ος 01 10 00000000001100, 01010 00001 101 10
00000101 0001010 00 00100, 000 qu’ele 10 0010111001 1010, 001110οο0
0010000100000001 11000 1 0, 000 11 10 01000101001000 0001000
000 .1. 00101001 2 01 .Ι. 0000001οτ 000 000 00100 0 1000 01 au jor,
000 11 10 000100; 001000οη1 0001 1000000010 0010 10010 0 10
0001000000, 00010 0 0010 0001 110001 11000000 oi 00, 01 00 00000,
qu'il 10 0000000011 000000 1010, 01 00 0001110 10 0001 01000 1101
0 000 00000100οο0. 3 Si 0000010000100000000001000000 1010 10
01000100 01000001, qu'il estoit 00001100000001 1000 010000110

 

