Ι 135

rendre 111, qui 1111 11 111 a? Se 11 1111 111 11 argona, ne 11111
111 1111111, quar 111111111111111111 11111111; 111 1111111111
11 11111111 1 1111, 1111111111 1111, 111 11 1111 11111 11111
11111 1111 partie 11 1111, 11 1111 1111 111111 quant 111111111111,
4111111111111111 111 11 1111 11 1111 111111111111, 1111
11111 11 111 ‚HL 11111111111111 111 111111111; 1111111111111
eliges 111 tort 1 111 1111111111111, 111111111111111 11111111
11111.ιι ,1)111,“ 1111 1111111111, ,11111111111011111 1 11111111
11 11 11111 11111111 11111 „Sire‚“ 1111 111, ,11111111111
[91] 1 Il ot .Ι. 1111111111 (1111111111111, qui 11 .Ι. 11111, XI.
qui 11111111 (111111 111111 11111 1111111111 prist 11111111 11
gente 11 1111111; 11 1111 111 eliges 111 11 11111111111111111
11111111111 n'i esgarderent reson 11 11111111, 1111 11111111
1111111 11 111 11 111111. 2 1111111 11111111111111, 1111111111
1111, 111 11111111 11111111 11 jor 11 nuit; 11 1111111111 1111
grant 111111111, quola 1111111111 11111; 11 11111 111111
111111, 111 111 11 1111111111, 111 11 1111111111 sondro plone 11
11111111 11 111111 3 111 111111 11 11 1111111111111111111,
’ 11111111111111111111. 11111 11 porta 1’11’111111; 11 1111
1111111 (111111 .Ι. 111 1111111111, 1111111 11111111111111111 111

· 11111111, 111111111111111111111111111111111. Ε11111111
11111111111111111. 4 0111111011111 son 111111 1 ,1. 1111

, 111, 11 111 11111111; 1111 1111111111111111111111111111

’ (1111111111111111111 1 111111111111111 11111 111111 1111; 11
quant 11 1111 1 111111 111111, Cliges 11 111, qui 111 1111 111111,

1 1111111111111111,11111111111111111111, 11 111111111111 11 ’
111 1111111111111111111, qui 1111111 0111111111111111111. 111

ῗ 11 11 111111111 [92111 1111111111 (111111 1111 111111111111111

1 111111 (1111111111 111111111 venir.

’ ,011 1111 1111111111,ιι 11111111111111, „eliges servi il 1111
111 11111, 111111111111111111 11 11 11111“ ,011111,“ 111111
1111111111, ,11111; 1111 11 111 1111 11 .ΙΙ. 11111111, quar 111111111
1111111111111 111111.“ 2 ,(111111, 1111,“ 1111111, ,1111111111
11111111 servi, 1111 11 111111111111 1111111111 si 11111111111111

3 1 1111 11111111111111 1111111 111111111111 1111111, quant il

³ 1 11111111111111 111 seignur, 111111111111, 1111111 111 1111

¹ 11.Ι.1111111.“ Quant li 1111111111 1111111111111111, 3 1111
11111 11111111111111 11111111 111111111, 111111111111111111111,

 

