113

111 1111111111 111111, 11 11 11111111 11111111 111111, 11111111-
1111111111; 11 1111 que .1. valez 1111 par 11111 1111111; 11
maslerant lor 1111 11111111 1111 11111111111111111111. cesta
chose 11 pot 11111 11111, 1111 111111, que peres 111111 11 parent
11 11111111 ; 4 11 11 11111 grant duel 1111 11111111 11111111111
reconoistra, qui 11 li 11111111. 11111111111 11 pensa, que elene
11 1111111111111 a nul fuer, que 11 1111111 1111111, 111111111111
11 1111111111 ; 11 11 1111 1111111111, qui 111111 11111111, 11 1111,

’ 1111111111 [81¹³] 1 1111 1111111 11 1111 111 111 11111, qu'il 1’1-

voit 111111 11 11111111, 11111111111111. Li parent 11 1111111
trop legierement 11111111 11111 11 111111111111111111111111111
,11111 111 11 11111111, 11 111 1111 ipocrite? 2 Il 11111111 11111
1111111 11 il estoit 1111.ιι 111111 1111111111 11111 11111111 1111
11111111111111 11111111. ΙΙ 11 111111 111111, que 1111111111
1111 11 11111111 111 droit chios 11 1111111 1111 111, 1111111111
11111111111111111111 11 11 111111 11111 11 11111 chose. 311
parent 1 11 111111111 111111 1111, que venuz estoit li 11111111, 11
11111111111111, 11111111 J. 111111 11 111111, 11 1111111111 11
11111111 1111 111111111111111111 1111111111 11 11 111 1111111
111111 11 11111111 1111 111111 11111 11 1111111111111111111, ¹
(1111111111. 4 ,011, 1111 1111111111,1 dist 11111111311111111,
,11 11111 11111111 1111 por 11 111, ou 11 111111 111111, 11 111,
qui 1111111111 11 qni si legieremont 1111111 111 parente, 1111111
1111111 ,0111111 111111 1111111111, ,11111 1111111111111.“ ,Ρ11
111 11111,1 1111 1111111 1111111111, ,11111 1111 111 graingnor tort,
11111111111111111111111111 vostre 1111111 11 11111 1111111111
[810] 1 111111111111, que vos 1111111111 1111; 1111 go 11, que
vos avez tort 11111311111111111111.1 Adont ρ111111111111111111
1 l'empereor, que il 11 1111111 1 11111 1111, tant quola 11111 fust
miens provee, 111111 1111111, 11 que 11 11111111 pas 11111 11
111111111 1111 por 11 1111111 1111111111 sanz 11111 pruove. 2121
empereres 1111111 11111 111111 11111 1111111111 11111111, 1111 que
11111 11111 1111 11111 1111111111. 111111 Pompereriz dolante 11
11, que Marques fu respitiez, 11 11111 11 1111111111 111, 111111
111 11 111111111111 11 point, 1111 11 111111 11111, 3 1111 111 11
111111111111’111111; 11 vit, que li emporeres 11111111 111

¹ 1111111111111 11111, 11 111111 111111 11111 1111 11 11111111

111111 11111 1111111111 11 1111 11111111 „Sei3n0r‚ 111 que vosne

 

