55

vos 111, qui 11111111111111111111 ci endroit 11 11111, 111 111
1111 1111111 quel 1111 111 1111111111] service?‘ „Sire,“ dist
il, ,111111111111 4 11111111, qul 111 1111111111 111111111
1111111 111 1111 11 11 11111, qui 11111 111 111 1111111 11111111
pais 1111 mene, 11 1 11 11111111111111 1111, 1111111111 111 plus 1

1111 1111 11111111, 11111 11111111 unques 1111; 11 11111 11 111111-
111111111111, 11 111 111 111111111111 gouz 11 1111111 111111
1111, 11 11 1 1111 1111111111 grant [52⁶] 1 111111111111111111111.α
11111111 11111 11, 11 dist: ,chastelains‚ 111111111111111,11111-
11111 1111111111 111 1111111111, 11111111 11111, qul 11111111
1111 1111 11 111 11 11 111; 1111 ge 111 111111 encore 1111, 1111 que
1111111111111 111111111111111, 11 11 111 11111 11 11111

211111 111111 111111 11 1111111111 1111111111 1111111 1111, qu’il ’

111111111111111 grant forest. Li dus comantia 111 11111111
1111111 11 1111111111 11111111 11 11 11111111 1111 11 111 1111
1111111111111, que il 111111111111111111, 11 111 111 pais li
1111111111, 1111111 11111111 11111 1111; 311111 li 111111111
1111111111 111111 1111111111 11 bove 111111 1111 1111 11111111
11111111 genz 11111111, 11 11 11 grant joie 111111111111111.
111 1111111 11 1 111111, 11 111 111111111111 1111111111 1111 111111
1111 dist: 4 ,11111 ge 111 11 1111111, 11 11 111 1111111111 Et 11
1111111111 1111 11111, qui les 1111111111 11111, 11 11111111 1111,
qu’il 1111111 1111, 1111111 11 'mont grant 11111 11 1111111111 11
1111111111, 1111 11 11111111 11 111111ΙΙ ,11111ιι 11111111111111111,
,1111111111 1111 mont valentiora 1111111, 111 quoi 1111111111111111
11 1111 en 111111, quar il n'avolt 111111111111111111 ,Ρ11 111,“
1111 11 111, „ge 11 [511] 1 11111111. 1111’1111111111111111 111111,
1111111111, 1111111111 11111111, 1111111111, 11 111 1111111111
miens 11111 11111111, 111111 11 111, 1111 li 11111111111111111 111
mains 11111 11111111 11 1111 come sotis, que 11 111111111 111 111
moins 111111, 1111 111 11111 1111111 11 11 11111 1 11 1111 ; 2 1 111111
1111111 1111 11111 1111111111, qu’il 11 11111111111, 11 11111111
111111111 1111111111, 11 que, 11 1111111111111, 111111111111 11111
11 11111111111111 1111111, mes pardone li 1111 por 11, 1111111111
11111111111111Ι ,8111ιι 111111 11111111111, ,11111 111111111

3 01 111 111111 111 11111 111 11111 111 1111111111, 11 111 11-
1111, 1111111 11111111 1111. 111111 11111 il 11 1111111111 111111,
qui 11111111111, 111111111111, quel part il 111111111, 1111111 11

 

