WORTERVERZEIOHNIS.

Die beigefilgten 1061011 60110601 sich 0111 die 11111 rande 1101101101
angegebenen 61111101 der handschrift. 010111 1) gesetzten 1616011616
1110 11066301, in der handschrift jedoch 1106110160111111016011 1111110111·
forman (6000116011 bei den 01116161106011(1001111ωο1111), 01 welche
1106 10601111 6101011 Schmidel 1160160101ῖο 101111 11101611001110 1110111
110601, ist in 60161161061116 nur die sache besprochen‚ ohne 61101
eine namengebung 60101 10111031 Sind die eingeklammerten 1161101
hinton angefflgt, 10 1011011 sie 011 011016101011601606011 (10110110 mit

verschiedener bedeutung dienen.

0116101011 6.

160110 (10116011) 27.

1160111010 85,

0600101121. 60.

0060101. 100010.

(1131110611 01101060 20.

0116111110

1111011101 (gavise) 20.

111011601611120 29. 58. 65.

aller (011.) 38. '

(0111111110) 1111111110 68. 0111101-
1111111067. mirando 67. 68. mi·
ranndi 67. 1111016 68.

(11111112) 0111010 57.

amtverwalter 60.

0111011111. 15. 69. 49. 56. 58.

0111011110 61.

1110 (06110) 47.

0131011012. 9. 11. 18. 47. angria·
101 115.

0116060162.

11601111 19. 64.

1111101101 25. 34.

111061ος 42. 60.

1111106011 (11111011) 17.
1111600 (angriff) 48.
11160601 (0110116011 45.
111111) 1111110 44. 56. 01111160 21.
01111 35. ’
0111116101 (6111116101) 67.
0111606011 (0111061011 26.
1111100615.

1111111611. 69. 50.
1111101112. 21. 24. 62. 67.
1111061101 30.

6011111101 1. vasallos. ·

ballena 1. 4 65.

16016060, 11110111 parabol 16.
(60106016111101066116100 (plur.)

. 8. 10. parckhadianes 10111113.

17. 28.
60116116 34.
(bastimento1 6011011011 24. 28.

(batam) 11061101 (plur) 161621. ἶ
01. 10. 0111110 00. ¹

(1116010) podel 9. 5. 9. (10111100
(plur.) 10.

 

