69

61 00161 606 06111 161666. Li 006006 66 01 mont 00661 joie 61616
16 0016100016 6616 611111610 3 „Sira 16166 6010601606016 601
66 chevalier, qne ge 006 61161 161661011 ,111661 116111 006006,
,00166116061 A 1661166160066 ,1. 0610161 6111060166 06660 06106
610161 66 ,1. 00061 61 66106 66 nne chambre, 061160011 ,1106061
16666 liz, 6116110006 66161, 4 611661, qn'ele 06660 10 chambre
61 6’66 66106 66 ,1. 0600160 06061 161 61 6061 1611161116 611166 0106
16 1666 mure. 1110666116 066616 01106, 61 diet: ,0161616001606;
06 16 601600016 grant 1666, 66 06 60016 asez 0 6660160;1 611661,
qn’ele 06016 60661,,61 01161 mi leu 101 0600160 .Ι. 06011106 16616.
[59⁰] 1 Ele 616 06160601 6166106 666, 611 10006 16 chevalier rnen-
jant 01 6616 6 16 16116; 61 106106 part 16161 16 66166 16166666
16611166 06 preveat 6116 66166666 166011 .Ι. 606161 61 106601011
160661666. 1106166101661166 0606166 601166661 0661666 61 606-
061111666 61 avaient 160661 666 10016 ,1. 06161, qni 100 0161011 61
01661011 01060066166. 210016610111616116 01600166 16 16106 610666
61 16 10666 0166166. (166611660166 vit 06, 61 66 11 0101066 6111
661001610616 61 6660, 61 qn’ele 16 16 066 .Π. 6060666666 60000166,
16600 61 1610110616, 6166610016611606 166000601606 0006106, qni
6061 66101166166, 666 610 66 06606, qne 60616οο11 6066161016
01661; 61 66 161161 6 6061 0006106166.

3 Quart hiarqnee 16 011, 01 16 00661, 61 66 1606 161610116 61
11 dier: ,1)6060, 1166 0610616611 111616 66 1106600611 661 moi 000
1660006, 06 616 661011, 6166 0606016 16 16106 6611 166 0666166 61
1000066616, qu’elee 6’66 61666661, quer ele 001011 060160 66 016-
061160 6 prive. 4 Α 1061 6’66 partirent 166 0606166 61 1110016066
01 0666610061 601 6 601 11600666 61 16 66601166060600. „Ge sni,“
1161 Laurine, ,1166 60661, 066610611660 66 66 001606 1100066,
16 66660161 16110066, mee ii 6 6061 1066 001606 6160611616 006-
0610616 [591] 1 61 0600061666111 60611100 6101601616, seii 1661
61 661006, 60606 166 16 11661; 6106 11600666, 00 661 Ferrea, li Lem·
1606, 0006 10 606 0616 61 006 estes eneore 011 Queat hierqnes
01 06, 61 66 06666, que 6606666 6006166 66 00011 6160166, 61601
1166, que 666 10601606 60110661001101666; 26111610 ,1)666, 00106
661, qne 06 61606 Marqnea 61 661666661666 16 Rome, 666 06 66
66106, 006661006 16 eavea.u ,Sire,“ 1161616, ,06 16006 11061
bien, 0666 06 66 6606 066 0061 ,1160661 1161 11600666, ,000 qnei
me 16666006 66 prison? 1166006 01 06 feriet? Si 06111666 1666,

 

