141

rendra 13 33333133 3 ,3. 1313133, quar il 331 3133 13311331333 333
333· 3’33133; 331 333 11331 3133313 (1333113331333 133133 3133333-
133311333133, 333 3331313313 33313333, 3333333311133 13311333133
31333133333 133 fol-fem 3333 333133333, qui 3333 33333 destruit
3333333331 333 133 3331331 31 333 331. 03 313333313333333133
133333 33111 service, que ge vos 31 131 33 33 3113333, 4 333 333
13133133 1333133133 1333333313 133313 33313 33 3131333313 devant
moi 31 133331 33331 133331133333 133333 311313331133313331333
33331133, 333 333 33 3313 3’1 33331333, qui 33 313333 333 devant
333.κ ,Ρ33131,“ 1131 li 333333333, ,331313311 31331133331133
313313331333333313 3333131333 31 133331 333333313133133 13331-
33133 33 313133 3313. 11331 3313 1333333313 dolante, 333 [95·] 1
13133 331331311333131 331313 31 31331311333133 33, 333 013
bons, ses noriz‚ 333113111133 1333.

113331 133 1333133133 133331 333333 33 313133 3313, 11333333133
3333313 13133, 333 31333, 33 33 331 3333333333131331333313133ς

· quar il 33311311 seme 333 13133 133 331333. 11333 33 33333, qu'il

les feroit 13133 333133, 31 133 3333313133, 333 31 333, 33 333333
313 33333 33331 3313313133 13 33313133, 2 quar trop bien 33333-
11311 1333 3 13 3313 31 3 13 3331333333 13 333133. 13333 31 1133-
ques grant poor 31 1331, qu¹il se 333331333 33133 33333333 31

, fist totos 133 1333133133 13333 311. 133 313133 1313 3313 31 3313 133
ε reflat venir 333 133331 331 31 333 133331 133333333 31333133331
, toz 1331333333. 3 Es 333 que li 3331313333, 11 33313 3131333,

33 mist 3 13 3313 31 313 133 31313113 13 3313 1333333 1’33133;

, Μ333333 13 3333313, 31 13 33331 33 grant 333 3131313313, qu’il

3113113133 loing que 3313133 autres, 31313 3331333333 131 333-

1 313133; 431 dist: ,1333133331333131333133131 quar 313 333131311333,
ᾖ 1331 g'ai 3 bien 333 3313 333.1 13333 13 11 33313 313 1333 33313
ς 1313133333. ,113133331 1131 li 333333333, ,3333133333 33
’ 33 331 hom ou 33311 ,81331 113311113333, „il li novient garder

33133 .Π. 133133.ιι 113331 [951] 1 1333333313 311 3131331313333,
31 31133313 3333 13333333 31 3333 3313, 331 33 3331311 33 333333
33131; 31 dist: ,033331, 3133 333333333, 133313 33333 13113313
333 33131, qui 333 3 331 1331111 13 333133 111311133’3113333131

3331, quant 11331113 3 3333133133, 31 333333 3331 il 1333333
1333133133133333313 31 131 333 333133 3333331333311 2 Par foi,
33 333 13 13133 31331 33333 3313313 33333113, 333 33 333313 33133

Bonan (13 unque· 10

 

