148

gubemiren 12. 41. 59, 60.
gunt (5551) 38. fur guet 55555 64.
3115151 37. 42. 43.

55555 16. 68. 44. 47. 59.

(55155519) 5155551142.

5555155555 7.

(hhgematte) 64.

haringstonno 1.

harnisch 86.

hart (sehr) 57.

5555 63.

55551556 59. 57.

55551555 4.

555555555 25.

55127.

(551(15) 551135.

55551155 (55555) 49.

551155515 3.

551551 11. 16. 56.

55555555 67.

55555555 (5555555555) 12.

bert 17. 33.

5555555555 52. 58, 5555555555 38.

5151555155 53. 55. 66

515555 6. 14. 16. 1821. 35. 49 5.

5155555551 44.

511515 35.

5555551162.

55555140. 55555118 41.

holz (5551) 48. 51. 54. 59. 61).

55151515 42

honig 14. 16. 59. 63. benig 49. 59.
63. 64.

55555 11. 34.

5555 12. 16. 20. 21. 49 ff.

5515 66.

hund 16. 68.

(ider) ytter 7.

(15-15) jye — jye 49. yo - ye
...2351

11555555555511 15. 20. 21.
judizium 55. ·

5555513.

55555555512.

(5555155155) 5551551150 81,
55515555555511 68. 55555155-
555551. 12.

555555 45.

515555 43.

55555515 (555515551) 40.
51515168.

5151155 17. 44.

5155555 (5515555) 8.

5151515. 351511.

5151555 2.

5153 (sparsam) 53.

5555515551 84.

551555 42.

555511155, 555511155 34.

5555, 1155155555 12. 16. 20 ff.

kriegsgurgel 41.

krone 35. 50.

(55551511) 51551511, 515555 84. gel·
55516. gfflnesbss. graues 32. 56,
kunigel 14. 16 21. 55513151516.
56. 5115131515 51.
5055555555 7. 13.

1556) 55 land (15 (1155515551) 61.

15515555551 41.

(laterna) 15155555 67. 68.

155155 35. 55. 59.

(15155) lepze 56. 155155 34. 56.
lapse 16. 29. 32.

leger 6515 8. 26. 45 ff.

1555555 (5511155555) 10.

1153551511 64.

1151555151 57.

1555555156.

1515 8 515 10.

15555 5. 27.

(55551155) 5551155 64.
(maestro 05 eampo) 5.
maid 2. 3. 55161515 36. 40.
(555)551111)555)51511 12.
mais 16. 29. 33.

 

