249

1111111111111111111 1111) 111 11111· b. 1111111137. 140. 111.*1111111
1111 11 11111111111111111111111111 christ.
11 1111111111, Tauium, 11111111 111111111111111111119 1. 1111111-
11111111111111111111111111 199. 111111111111111111111111111111.
11111111,111111111, abba Romn- dominiorum in gyro 1111111,
burg· 171. 1111111111111, 1111133 1121111111
111111 aquarum, 1111111111181 1111111. 1111111111 111. 111111·
Ι3111111111 158. 119. 1611 11111- 1111111111. 1111111111, 1111111111.
111111111111111111111 19. 10. 451 11111111 111111111111111111111.
(1111111111181111111111111151 “ Populi 1111111111 1111111 divisio
1111111, 1111111111) 111 11111· 131. 1111111 111 111111 11111111.
11111111-1111111 11111 19, 111 111 Β111111111111,11111111, 1111111111,
1111111111-1111111111111 1111· 111111111111111,111111111111111
11111111 111111111111. 111111111- 11131111 115, 1111111111 111
11111 1111 Porta 3111111111 311111111111111111 116, 111111111-
11 1. 11111111111111111111111 ru· angen 1111111111 11111 1111111 117.
1111 171 Theudorici 171 11111- 1111111111.111. 11111111111111.
111115211111111111111111 1111111 111111111111. 111111111111111115.
181 111111 supra 111111 11111111 1111111111.
1111111114. 1111111119 (1111111111 111111111-
1111111111, comite· 111 111- 11111111, ulmetum>
lingon. 1111111 8 (1111111111).
11131111 111 1111.
111111111111111111111111311111111. 111111, 111111 12.
1. 1111111111 1111111111 111 Ur· 111111111τί111. 91.
springen 181. 1. 1111111111 111· 1111111111111191.
trouu· 1111111111 11111111. 11111111 23.
Ulmo. 1111118.11111,111111111111 11111111 118. 111. 119. 1211110.
3. 11. 42 1. 11111 pum 140. 1111311131
1111 11111111 011111 11111 111111 1111111111 11111. 101.
111111111111. 111111 11111111 1111111111111111111111111111111
2111111111 dominabantur in oppositum 1111111111, 1111111111
1111,11111111111113111 11111111 111 11113. 101.
211111111111111111111111111111 1111111 oppidum 151.
11111111111111111111111111111 11111111 11, papa 171. ¹
111111111111111 11111 1111111111, 1111111111 (111111111111111
excommunicatione· 17. 111. 11· 1111111ιί1111, 111 11111 1111111-
1111111111111111111,11111111, 11111 werden 1111, 111. 50, 11.
dominiorum 111111 1111111 111 119. θ 1).
miliaria 27. 113. 11111111 1111111 [1111111111111111111111111111.
1111111111111111111111111111· 111. 110. 11111. von Burgnu, 11
11111111. 11111111111111111· 1111111111.
11111111111100,111111111· 0111111111 111. 1111111. 1. Bono·
1111111111111111111119.11111111, 11111 111. 182 1. 11 11111. obor-
quo 1111111111 1111, 1111111111 11111 1111111111, 11 111 1111-
111 11111131. 11111111 11111111 quelle.

 

