33

paignons. ,11011100 ,“ dist 010, „or i 1011ος ge vos 10011 10011
100101 01 101 0011011101ος 01 101111010100001101100100011110101
01 100 1010010111 011001, 0101100010010101* ,,Ι)0010,“110111011000,
,,1010111010.“ 11001 101001 100 011100 01011000. 21011100010011
10 1011010010100 0100000 10 101 010101000 01 0 1110 10 1000100
01 001 01101; 0110111010111 10 11 1000 01 li chance 000 00101010 01
11 0 001010 100100 01 0’00110101011100110 1011010111 001111 00 110.
(11011 11011100 10 01010111101, 01110110110100011011100, 1011010111
10 00010 0111 dist: 3 ,‚Oertes‚ 11011100, 01110110, 00100 100101-
1011 0010 101110110; 001100, 100101110100110 1100111001, quar
il 0110111101 0010 10100 00100.“ 1100100101111011100 0110101100
11011000 01101101 000101110101 1011011001 1111 01 10 0011.
4 Li 10011101 1010011111 000010 01 11011000 001 0100101 0101010001
10110110010011101 01 01 001010111οο 1101101011 1011. 1101 101
010110 101 00001 0111100 101101101010000 0101 101 101110 101
1011101000, 0011 010111010 1010 01 1101011011 101 101011. 11001
Ι00101111011000 10000 hom 0001 011000 01 00001 001011 11 1100110011
010101. 110010010011001 1100101011 100101010 10110100 01

00101110110110 0011 [411] 1 1111101110, ,100 00011 00 0010 01100
101000 00 10111, 01 11011001 01000001οΙ1 ,31010 0110, 10010100 100
10111 Li 00110 100 01001011110010 .V. .G. 010011101.“ Α 1001
00 1110110110 10 10100100 110101111001100 1101. Li 0101010100
meismes 10 011001010’00101010101100 010 2 01 1110 10 ,(1. 0110-
1011010 00 00101ος 0111 .V11. 001ςο 0011 110010, 100011 00101011

10001100, quar 10 00 0110101111 0110. 110111010111 0011101100
001 .Ι. 101011011101001 1101110 00 100100 10110110, 1101001000-
1000011, 01 li 10101001 0001011110; 01 0100 01 11011 011010101011
droit 00 1101 0100010101010111. 3 1100011111100111001011001101,
110011 01 grant 10110 10 1001; mont 1 01 10 0101011010, qui 1101-
1010110 10101110110; 110101 011 01, 101100111001101 101000 01
11011100 1011 10 11 1011010 1010101 01 11011100 1011 11 10010010 00-
010100. 1100101 001101010011100 li compaignon 1101100 0111 01
00101, qui 10 1011001 10001 0110 11001010 0110011101 00 10000 01
1101100 0010100. 4 1101110 001101 11011000 110110101101, 110111
1011001 011100 110101 10 0010 011101 101011 10 membres 0101
11001 00101010010 0110 gros 101100 00100100 01 1101100 101011 100
1010 01101111 01011011 1100 100 011000. Α 1011 00 100 10011
0101010100 1010110 101100101, qui 11011 001011 bons chevaliers 01 11

 

