v 115

, 11 8888888888, ,11118 8881881 81881.1 ,,8188,ιι dist 18 881818, ,188

qu’il 888 81881 81881, 888 en portemia 88818 818181 quant 888 888· .
18818 88, 8188 88888818 .Ι. 8818181, qui 881888188888 88818188881,
81 88188818 88 888188 8888188 8188888818 1888 88818 88 18 chambre,

, 88 ge 818.1 411881 prist 11 8888888888 18 8181 8188 8181818
1 8818 81, 8888111 18 1888 181 8888818, 81 88818 8 888 88888181 188
· 888888888818 18 888818 8888 8 88181, 88 881 il 881811, 81 li 8888

18 8811, quant 88 188811 88188 81888 8811 881888811 81 8888188, 81
1188818818 8181, qu'il 88 8881811. [82¹³] 1 11888111 8888818888 oi
88, 81 li 8818 18 81811818 8818 81 1111818 ,818, il 881881818
8181 home, 8888 888 88188, 18 1888188818 8 881 888888; 881888

” 888 88 1881, 888 88818188 88888881ιι Li empereres 88 ponsa, qu'il

88 118811 1188 ; 81 8181 88 888 81881818 88818 818888 811181, 8811888
88188811, 2 81 1881 888 1888118181, 88818888818 81 88188 8 18888-
8888. Li 8888818888 88 81818818 818888 88 obli, 8188 88818 888888
8188881 81 porta 18 8181181 88181881 8 181 818188888818 1881, 8811
8181 18’ 81 8881 18 881818818188188 81 8888188 81 8’88 8181888818
, chambre 8 18 888818, 3 8818, qui 88 1888811 818, 8811811, que 88
, 1881 888 81888, 81 18 88881 8888 18 8888; 88188811188888818118888·
chaus 18 888818 81 1881888 18 8888, 888 888 81888 188811 88811118.
Et 88881 88 81818888 18 jor, 81888 88818111 8888818888, 8811 81
1881 88888888, 81 1881 que 111888 vint, 888 11 8888888888 1818888·
888 88 1888, 81 1’888888; 4 8881 1 81 grant 18818 881811888188881
88 8181 88 8818, 188888881818888818188811188888888 8’818888811188
8 11 81 88 18 18888 8188888818 81 11 1888818, 888 88 881811 ,51881
1181818, ,881888888 888 1818811 ,08818818881 (1181 11, ,888111 .
,111881 1181818, ,888 18 88 1888888 88881 hier, [820]1 quant vos
88818188 18 88181881 81 888181888888 chambre 81 88 18888881881881α
11888111 888888888 81 88, 81 8188188 18 8818118, que li 8888818888

188811 188188818 8181, 8811881181, 81 88 1888 18 888111 1888188881 ’

81 181 888888 18 88888181, 81 quant il 18188888, 8118111 empereren
8888188 888 88 1888818881 2 81 18 11181818888818188 81 181 pondre
.Π. 88888 pieres 8 888 .11.piez‚ 81 quoles pieres 8811 pie 88
18818188181888, 81188888888188 81888811 188811 881888 188 81
188188881. Ε188118 11888881888 11. jors 8188 118888188881·
quar il estoit 188188 18888888 88881811.

3 ,Ο88, 8188,“ 11811888888818 8 1888888888, ,881881 1188 11
8888818888 888 8818888 81 88 888 88818 118811 sires?“ ,1188188

 

