142·

1111 49. 56.
entgegen 26.
1111111111 (11111111) 13. 1126.

· 1111111111 15.

11111 56.

1111111111 66.

111113. 8.

1111111 (1111111111) 41.
erinnem 28. 54.
111121. 44.

essendo 11111143. 62.
11111 61.

(11111111) 1111111111, 3.

11111111 43.

11111111 (1111111) 11. (583)

111111 1. 61. 62. 15.

(11111) 111111 67.

1111 66. 1111111111 65.

fast (sehr) 51.

1111111111 16.

(1111111111) 11111111181117.

1111111111 7. 42.

111111 (1611111) 65.

figur 35.

1111111, subet. 34.

1111, 1111311111 4. 66.

1111111311 13.

1111111111 4.

1111111111 7.

1111111111 7.

11111111 43.

1111111 (11111111)11111. 7.

11111 (flecken) 16.

111111 17. 55. 56.

111111, 11111. 16.

floh 57.

1111111111 57.

(111111) 111114.

foring (vorig) 13.

1111111111 35. 1111111156.

1111111(ἰ1ο1)25. (1111111111111)
7. 21. 24. 56.

1111111111111 19.

1111111111 11. 20. 35. 46. 51.

1111111 (11111118) 67.

11111111 17. 111111111156.
(11111111) 11111111 35.
1111111111 (11111111111) 57.
1111111153. 55. 56.

1111111111 61.

1131111111 7.

(galeere) gnleh 57.
31131118.

(31111111) 311111 26.
gans 12. 16. 20. 21. 4151 11.
gar 6. 12. 32. 46.
garstig (1111111) 34.
3111111 sein 31.

goemn, inf. 25.
gofangen (eingofaset) 36.
3111111111 39. 41.
geflssgol 43. 56. ,
gehilflieh 13.

31111311 (langen) 8.
gelegenheib 43 54. 5162.
(911111) 1111111 53. 1

13111111 (recht) 13.

gerois 22.

geneheigen 34.

3111111111 (11111111) 13. (1111165.
81111111 53.

31111111 (3111111) 22.
311111111111 14.

3111111113. 10. 18.
3111111111 1. 111111.

3111111 58. 61. 62. 63.
3111111111 35.

311111 (stim) 38. 511.
1111111111 18.

311111 (salvus) 22.

getreu (wohlmeinend) 63.
3111111 36 46. 42. 50. 3111111 2
glas 13.

gold 21. 35. 36. 48. 51. 53. 68.
(grau) grab 32. 44. 56.
(1111111111) 3111111111 34.
gubernator 23. 53. 53.
111111111ιὶ11 29.

 

