111

, 1111111111, 111111 11111111, 11 111 11111111111111 11111 guile,

Ἴ si 11111111 1111.

4 „Ol-e, sire empereres‚“ dist 1111111111, ,11 1111111111111

1111111111, 11 111 11 11 11111 11 qui ses 11111111 11111 1111111

,(111111, 11111,1 111111 1111111111,’,,111.“ ,(111111, 1111,1 111111111-

’ 11111, „encore 11111 111111111 guilez 11 1111111 11111111, 11111

11111111111111.1 ,Ι11111,,1 111111, ,1111111111 ,81111 1111111,
,11111 11 11111 moi, 111111111111“ 11111 1111111 111111111 11

3 trusqu'a XII. des 1111111, 11 111 111111111111111111111111111

11 fille avant 11111111111, 1111111111 [801] 1 111111,11 virent,
111111111111111111111. Lors fu li 1111111111 111 hors 111111111
demanda, qui 11 11111111. ,81111 1111111111111, ,111111111111
1111111 11 1111111 111111111111111111 11 11111 .VI. 111 1111111 .
11 dist: „Fille‚ qui t’a engroissiee? Garde, que tu 11111111111111
2 ,8111ιι 1111111, ,1111111111 11 1111111111; 111111111111 111111
hom que il, 1111’1111111111111111 11 1111111 111 111111, 111 11
11 mon 111111111.ιι 1111111 fu 11111111111111111111111 111 1111
11 1111111111, 1111111 111111111111111111. 11111111 111 quis 11 111
11111111111111 1111111 1111111111. 3 Si 11111111 li 111111111
11 111, 11 111111111111 sanz reson: ,11111 11 11 11111111111α
1111111 11 1111111111 1111111 111 1111111111, 111 1111111 11 111111
11111111’11111111 11111 1111111. 111 111 1111111 noveles 11
11111111 11 .VII. saiges, 1111111111111111111111111, 11111111 111111
111 1111111111. 411111 111111 11, que 1111111111, 11111111111
111111111111 1111111, 1111111111 1111111111 111 111111111 1111
1111111 que li 1111111111 111111111111111111111. „Seignor,“ 1111
01111111, ,1111111 111111, 111111 111 11111 111 11111111ι ,8111ιι
1111111, ,111111 111111111111111111111’1111.“ Α 1111 1111111111
111 111 11111111 1111111111 1111111111 1 1111 grant 111111 11 111-
11111111 [80⁰] 1 111111. (11111111 111111111111 111, 11 1111111
11111111111 11111 ,01111111 11111111 .VII. anemisl‘ Et 11111111
111 111111111, quant 11 baron distrent: „Sire, 1111111111111111
1111 1111 1111111111 11 11, 1111111 111111 11 1111111111, 11 ja
11111 111111 11111 111 111 111111, 111 111 111 11111.1 2 1111 11-
111111 11 111111111, qu'il 111111111 avant, 1111 1111111 11 11111-

¹ 11111111111 tuit .VII. devant lul 11 11111111 11 plorant: „Sire, vos

11111111 11 11 111 11, que 111 111 1111111111 vorgia, quant 111 111
¹ 1111111111, que vos 111111111111 111111 coraige 11 111111111111, 11

8*

 

