84

01001100 01 11000 .VI. damoiselaa aeaut 101000011. 111, 00 elea
010101001 01 10001001 grant duel. 4 110000101001011000010, 000
0100 000100101 00101 1000 estoit ; 01 0100 11 0001010011100101 101010
01 comant 010 01 00011 100 autres 1000100100000000 0101001001000.
Quant 11 000010100 01 00, 01 1000101 00 10 0010 01 0100110 0 haute
vein: ,01 1001, 10100, aa 0100000, 011000 [67⁸] 1 00100 1000010111,
001 s'eu 101111 Libarnn 0010001001 1011 01 00101001 00 1001110το
01 000101001 01 00 01011001 0 10 0010 0 010010000010010, 000 11000
00 00101, 0001 1000010111 001011 ja trop 0010100100 01 01010 aluit
001 00110 0010. Li beron i 01011001 101 celui 101 000 00 01010 000
00 101010οη 2 01 quantit 101001 100001 0 Rome et 1100001010
oi dire, 00110010001001 000 travae, 01 00 10 0001 iriam 000 aar
101 100 autres 00 10 11010000 11101 01 11 .VII. raige, quar 01 aa
000001001 11, 00010 000 n’eu 00101001 1100 000010.

3 (10001 11010000 10 1000001 00 00 beaute, ai 100010 000 010001
01 000000 01100 10 1011010, 00 il 100 01 1001000, 01 1000101110 0001
000100001101010 01 10 01000000οῐ0 0100010 001 000 10011101
01 0’00 0101 0100011, 010000 001010. Li jnra 1010 1110010101 001011
0111 0000101οο 01 010 measa 0 00 0100010 01 00 10 000101 0010-
000110010 10 0010 001100011010010 001101 001011 10001 000010
0011000 01000οε 10 00 1000, 0011010010 estoit, 01101 00000101,
1001 11 00 000011 00100 0000100. 4 En ee qu‘il 00101100 0010000000,
00 000 00011010000 00110 0010 001101 10000011 101 1001110101
100010 lea 100101 10100010. Li amputares, qui 100100 1’01 01 00000,
000110 00 101000; ,8010000 100000 joie, 0001000110 00110 eat 10
sterne! [67b] 1 Dieu 00101, 00 001 01 10 00000101 00011.1 Quant
li 10100 01100100, 01001010011011 0 1’00000110; 0001 1 01 grant
010000 0010110 00000101; li un l’aeuleut, 11 00110 10 0001010000.
Li 00001010010 0110100110 0010 01001101001 00 10 0010, 010101-
011001 001010111 10100 00101. , 2 ,10101 110111000010100, ,0001001
000 0 11 0010 001011 ,81101 110111010000, ,0001101000100011100
000010, 0’010 00001, 1010100000 010; 00011010100001101 0 0011
Si li 11101 10 00000100, 000001100011, 000100 01 00011100 10101
celui, 00 010 0100010.1 3 101011 0001011000010100, 0001001 010
s'au estoit 0100, 0111 1000010, quens 000001000 00 10100110, 00
0101000010. ,81101110111010000,,001000011101.“ 10101100οῐ0
11010000, 0100011001011 1011001, 10 chief en 01101, 000001 10000-
10111 10 101 000011 10 0010100001 010011 10 0001000101 01 nument

 

