146

66566655661 43 516 46. 50. 54. 60.

6656655656665 4. 66.

6656156 4. 6656151616 32.

66566638.

66566666666 43.

66516655556 34. “

(66511166) 66561166 3.

66511166 67. 68.

schildwaohe 24.

6651665566566665 25.

6616166668. 14. 63. 64.

66516156 43.

6656661566 56.

66566 6656 55666656 63.

ο 6616666666 36.

6656666 14. 33. 64.

(66566656665) 6656665666666 66.

secretarius 23. 24. 41.

666 (16666) 13. 15. (66666) 4. 28. 65.

6666156666 3. 27. 65. 68. 6. baum.

666666, das 66666 25.

“ 661168.

6611566668.

(6165) 616 5. 8. 18. 28. 46. 59.

611566 21. 35. 36. 33. 48 ff.

(skalpieren) 43.

sklave 22. 60.

661Ηοί516666 81.

666666· (6666666) 33.

(663566) spechen 19.

666666 (1666666666) 36. 42. 50.

6616361 13. 84. 38. .

66160 3. 7. 8. 17. 25. 42.

6616666 49.

66156, masc. 7. 10. 42.

666665 ((161666566566) 52.

66666566 63.

6561116666 2. 14. 20.

656616 88.

65656621.

65655561566 57.

65616, 516666 56. 5661566 34. 6165-
566 28.

¹ 6561616661 65.

65665 37. 38.

61666161611. 13.
6566666666 28. 67. 66.
65166 6. 6665166.

65666166 51.

656651 (61611) 7. 42.
656066666566 61.
65666012. 14. 16. 20. 354311.
65615566565 49. .
65665 9. 10. 17. 35.

65656 6.

665651561665 23.

665511 35.

sumere 6. remora.

566666 s. dardos.
(5656616666) 15.

566665 1. ’

556666 (6665661566) 26.
(51666) 66665166 57.
(51666) (516666 56.
(566166) (1ο6166 66.
56666665 23.

565116666 (6566566) 34.
5665516666 13. 24. 38. 58.
triumph 62.

(5666666566) 5566666166 54.
(56666) 66616560 38.
tugend (1666.) 41. (6166666566) 5.
tumel 10. ·

(5566656665) 0566656655 35.

umfangen 44. 52. 54.

6666516666 50.

66665666565 22.

6616166566 42.

666666666 37.

66661656565 (66661656) 2. 6. 7. 8.
ll. 16 ff.

ungestaltig 11.

ungestflmkeit 2. 68.

66166561566 (6116666) 46.

665665615666665665615) 7. 51.

6656665613 59.

6656651666 51.

6656555616 51. 57. 59.

, .

 

