140

116, 66 666616666166 616666, 66 66 potent 61666166666; 6166661
11 virent 66, 61166661 mont dolant, si 66 666661 666 1666. 3 Es
, 666 66611 6666661666 1666666666166616161166 dist: „Seignor, li
6666666666 666 666616, 666 666 166166 166 6166661666 61666666 6666
66 6666 161616161 66661166 6166611 66116116666 161166.ιι Quam
li ΝΠ. 66166 61666166, 61 16616661 166 6166661666 4 61166 61616661
611666666616161616 plorant 61 166661 166 1661 61 li 666166661
166 66666661, 66666111 6661616661 jor 66 666116 161 66616166166666
61 6666661 11 166666661 61 616661 66161666, 661166161166 61666166
1666666616 61666661 11166 661 6666161666, 66 6’66· 666661 point
166666. ,116166661 1161 11666666, ,16 6661166 1616 16666 6 [94⁰] 1
66666616 16 6666 16“ 666 166, 6666 616 11 6 161 666116 robe 161666,
· 61666666 6611166, 6666616616661666616616.“ (16661 lim
66166 616661 66, 6166 61616661616 6616 666 16666166 666616 6
1666666666 16 66661166 16 6661161 166 6166616666. 111661 6666611
616616661 hors de 16161616, 61 666661666661166 6666, 661 1166666
66661661 666666 por destruite. 2 (166611666666 16 1666 hors de
16161616, 61 66666616 11 6666666666, 666166 1166666661166661161,
et 166 61 161. (16661 11666666 16 1666611666666666, 6666666161
16666, 661 66 6166661 61 166666661 666611661, 61 11661661 tramit:
3,11666666, 16616661 fustes.“ Li empereres estoit mont 16166
61 161666, 16166 666 66 1116, 161666 por 666 66666161, 666 il 666-
1611; 61 66616 1166666 61 11 1161; ,11666666, 666166 jors 66166666
Por quoi fustes vos 61 166116, 666 666 666 1616166 61 66661 home
66666 16 6661116 6666666666 61 666661661661 4 Vos 66661166 16 666-
pil, qui toz manjue les 6666166 1666 66666; 666 666166 666 666166
germine 6 16666 6161 6666 661116666666666.“ „Siraf 11611166-
6666, ,666 116616 1616 666166 6616616, 6666 66 6611661666161616
66616, 616611 666 6166611, 66 66 116616 666 666116.“ ,1)1166,ιι dist
li 6666666666, ,66 6611 666 6166161661’66661.“ ,Sire‚“ dist 1166-
6666, ,66 66 61 666 [94111 666166 666166 616666, 166116666166 66
666166 666166, 666 66 666166 1116 66666 66666666, 6666 11666 661
66616666, 661 6 66616 6661666611 666166 11666166; 61 semes jors 61
66666, 16 66 66 61666661 66 mie, 6666 66 66116166, 666 66 66661
1666 1611166616, 2 66 666 66 616666 666 66 6661666616 por estre
6 666 61 6 6666, 6666 por 666166 666666661666 6166166 166 jors 66
1616, 6666 611 661 ,1. jor 6 1666 66 6661616616, 161661616166661
penaunce, 61166166 port 16 66666666 1661661166161, 11666 6166

 

