00

010 0010110 1110 2 01 11010 0100 0011 0001011, 00011100100001011 1

chevalier nul 10 0000010010, qu’il 0011 01101001, 01 1001 0011 00
110101100010 ,110 010110, qu’il 11001011 01110101001 0 101000
1010110, 01 1001 000 1010111101. 11010000 Ι1101 01010100 0001 01
101 11011 3 „seignor¹ 000 0101010 droit 01 011 1010 01011101011,
01 000 011010100ος 100 00 11011 ,0. 0 0010 00010100 01 10 101011
01111, 011011011 101001101010111001101 1111 11 0001000010 10
1001 0011001 0010 0011, 0101 il· 011101001 00110 0010110 001101ος 01
000 00011000 001 10 00 00 100100 01 101101000 00100011100 0001
grant 1000100.1 411 1001 010 0101001 ,1010101101 0100001000
01000001001 01110 01 10101011 10 011; 100010000110 0111101001, 010
1111 011 10 10 11101001000011010 0100011 100010001100101011101001
10 0010 0011, 01 001010011011100 0111010100 10 011110 010, 0101
001111 00 100100, 11 01 01 0000010000, 10 100110 001110 011 11001
0001010111000100; 0101 010 li [1101 01 0001 000010, 0110111011
001 1010 0100 10 11. 000 1100 000001011000011111001000101001
1001100100 10 0001, 000 110010110000100 111, 0110 11010, 001 1010
00101001, 000 111’00101001000 00101 ; li 0001000οἱ10 011011 10 011
10 .11. 0011, 01001010010010 0011, 00 1101101110 01010001 00100;
2 01 quant il 11011011 10, 01 110101011 101 001 000100000000 10
0010 001110; 01 quant 11010000 100 00111 10111, 01 101 0001110010-
1001011011 0110 premier d'un 000101, 011111 0011110οο 101 0010;
01 01 0000010000 1101001 00100 01 01 010111001 00110111001011000,
001 000001 0010 00 00010101001; 3 01000011 00010100110111011,
0011 010111101οο 101 gent 01 000 11 101001 1001, 011010100101 101-
0011 10 011, 000 1011 011 10 100100101011 0001000, 010001101001
10001010 11001000οὶ10, 0101 000 il 0000001000010; 01111 110110
000100010101, 4 00011 011 10 1001 001111001011. 01 00111010,
01100 1010100 01000, 01 000101001 001 101 100111010, 100 00001
00 0000 01 100 100000 00 00100 010000111010000 10011110011,
01 100 1010 0001, 000 11 1101, 001100 011 110, 0101 0110 01 0100
00010110 00 0100 00110. 11100011 0101, 0001 10 1010 0010110011-
1000101101οο. [71⁶]l 1101101 100 001100101001 001011 010110001
11011 li 100 11101100 01 000101101010010101101101001 11010101
0010 0000100011 010, 000 00001 1110 11101 1101100001 01000101
bion 00010 01 10 01110100011000000, 01 00111010000, qu'il n'ertolt
000 100 00100 00100001 01 000, 0011000010 10001010101101, 11011011
1100 0110. 2 11010100 01001 .Ι. 000101 01 11110110100000110,

Romu 10 utrque· 7

 

