14

11111 1111111111111 ,0111 111111111111111 1111111111, 111111 1111111
a 1111111111,111111111111111111 prendre, 111 11 1111111 1
111 11111111; 1111 111 1111 1111 1111111111 11 1111111111111111
111 11 1111111; 111 111 lieu 1 11111111 11111 11111111111.1 3 111
pensa 111 11111 11, quant 11 1111111, 11 dist: „Quel 1111111111
,1.1111111111111111, 11 1111 1111111111 (11111 au 111111 111
1111111111111 11 11111111, quar 111 11 111111 1111111 11 111
’ 1111111111 1111 11111111,1111 111111111111111111111111111111
111 1111111111.1 4 1111111111111111111111 1111 1111111111111111
11111 1111 11 1111, 1111111111 111 1111. 111 11 1111 111111 11
1111 11111111, 1111111111 vers 111111111111 11 111111111111. 5Li
1111111111 111111111111 11111 1111111111, 111111 11 ponsa, 111
1111111111 1111111111] darer, 1’11 1111111111 1111, 11 dist: ,8111-
11111,1111111,1111“ ,,11111,1 1111 11111111,111 11111111111[121]
1 11111111, ,11111ς 111111111111’Ι ,,Ρ11111,“ 1111 11 1111111111,
,111111 1111 11111111 11111; 11 parole, 111111 111 1111111 gelmi,
m’est avenne 11111111, 1111111111 11111111111; 11111111, 1111111,
111111111 11111ι 2 ,8111Ιι 111111111111, ,11 111 11111 11111, 111 111
111 11 111111 11 11111 1111111, 111111111111111111 ja apefioes?“
„O'ost 11111,“ 1111 11 1111111111, ,1111 11111 11111 111 111111, 1111
11111 11111111, 111 soit! ,81111 1111 11111111, „ge 11 11111
trop graignor 11 11 plus 111111111111, 1111 111 11111111 11 chare·
1111, 111 111 11 11111111 11111 11 111 1111111111, 111 ne 1111 111
.ΧΧ. 1111, 11’111’11111111 1111111, -111111111, lime, 11 met
1111111111111,1111111111111111111111111111111 tens! 3 11111
11 1111111111 11 1111111111, 111 11 fu 1 1111, 1111111 ,11111111 11
11111 moi 11111 11111111 „Siro,“ 1111 11111111, ,1111111111 11
1111111111, 11111111111111, 11 li 11111111, 11 111 111111 1111; 11
1111 come li tombereaus 11 11111111 1111 sanz 11111111, sinz 111
chose 111111, 1111 11 1111111111111111111 sanz 11111, sinz 111
11 11111 morte. 4 (111 11111111111111111111111 111111 1111 1111111
hors, 11 1111 111, 111 1111 1111111111 11111 1111111111111’1111.“

,Ρ11111,“ 111111111111111 [32⁰] l ,11 1111111111 estre 111 11111
1111111111 111 111 1111111111.1 ,13111111 1111 11111111, ,1111111111
miens 111111111111 11 11111111 11111111 ,,11111111,1 1111 11
1111111111, „bien 11111111 11 11111111, 111 111111 111 111111 11111,
quar 11 1111 111 11111111111 11 11111 1111111111111; 1111 111
111111, 111 111 11111111, 111111 11’1111111111; 11111111 11111

 

