119

1111 11111111. (111111111111111, 11 11 111111111 11 1111111111,
111111, 1111111111111111111. Lee noveles 1111111111 11111111, ’
111111 11111111111111111111 tel 111. Queat Ypeeree ei ee,
11 111111111 11111111, 111111 treve, 4 11 11 li demenda 1111
1 1111111, 11111111111111, qu'il eust 1111111111 11111111111,
11 illi 11111111 111. Lors 111 11111111, 111, ee 1111111 estoit
trevez, 11 1111111111111111 1111111111111111111 1111111 11111111 11
111 1111111111 1111 11111 111111 11111111111111 11111111, 11
11 entre 11 membres et li genitores dedenz le 1111, [841] 1 si qu’il
11111111. 11’1111’11111111111111111 ,11111111 111111 1111 sere
.1. perenis, per 11 11 1111111. 11 11 demere 111111, 111 111, 11111
111111111, 1111111111111 1111111111 11111111111 1111 1111111111
,17111 11 11111111111111, 111 111111111111111111111111 2 11111
111 li reis venir devant lui Ypoeree 1111111111 „Ypoeree, 11111
11111 mande per 111 11111; de 11 1111111 1111 11, 111 111111
1111 111 pris trop 1111111111, 111111 11 1 pris le 1111111111 de.
11 1111 1111 11111111111, 11 per 1111 ferei 11 destruite 111111·
1111,1 Lore comenda li 1111, 111 l’en pendist le 11111 11111111.

3,81111111111111111,,111111111111111111111111111 1111 = ⁸

Ι1111111 sermon 11111 por 11111 111 11, 1111111 1111111 11 111

11111, quer 111 dites, 1111111111 grece, 11 11111111111111 del
monde. 01111111111111111111111, 111 n'e 111 quel? 4 Ge ei ,1.
1111 111 111 11111 1 111111111, 111 11 n'i vi enques, qu’il 1111,
de 1111 11 11111 111111111 1111.1 111 11111111111 1111, ei 11111111,
111 1’11 11 (1111111111, 1111 11 11111, 1111111111111 111111 1111;
11 11111111 ,Nee 11111 111 11111 1111111 1 111111 11111111 11111
11 111111111111, 1111111 11111.1 11111 fu 11 1111 11 11111-
11111111111111111 1111 11 11111111111841] 1 11 de chose,
qu’ele 1111111111, 11 fu 11111.

,011, 1111 1111111111,1 111111111111111, ,11111111 1111 1111 ’
1111111111 1111111111 11111 111 11111111, 1111111111 1111111111
1 111 1111111 ,0111111 1111111 empereree, ,,111.1 ,011111 1111,1
11111 111, ,11 111 111111 bien (1111111111111111111111111, 1111111111
11111111 1111111111 11111 111 11111111 2 quer 11111111111111-
1111 1111 de peril 11111111 11111 11111 1111111111, 111 111111
111111 11111, 111 11111111111111111 .v11. 111111111111 111 111111
justice per les perelee, que 11 111 client, 3 11111111111 11111111,
111 11111111 1111111111, 1111111 11111 11111. 1111111 11111

 

