36

116111616166, ,61611 1161611111 Α 1611166161611166 61616166 16 66
61611161611 [43·] 1 611 611166; mes 66616161611661611661116611,
6611161116166116161 6161 61 66166161, 1166 1166666161111161, por
quoi 616 16 166611.

066166 16 11 16 166 166 61661616 Ι1ῙΙΠ. jors 66166 66, 66611
.VII. 66166 6161611, 666 11116666 16 61611661 66 6116111166 16116616-
riz, 6111116116 16166 16166166 joies 2 61 16166166161616, 666 161
661611616611611661661616161116616116166161616116666,
61 66611616166 fu 161 161 166616 61 11616 661 16666116; ,066166
mes hom 16 16 111616 61166 16 16616 1611616 61161, 616 66 sui 16
66616 16616616 161 6611161 6111616 16111111 11161111. 11616166
1616 66611 61 66 6161116616116161661666 61 dist: 3 „Ne 1661
66 616 61611 16116, 66 66 61666 1611616161 11616616 61 666 661-
66161616, 6116 vient il miens, 616 66 66161161 16116 16616 616
mal? No 116 11166116 616 grant 616611 116116616116161166111161611,
1661 616 16 me 661661, 66 616 1 61611 666166 66 616 66 11616 61
11. 4116 me 6161161 616 bel don, quant 616 me 1161 16661 66 66161
6116161161 6616161 161611611161 1116 161 1611611616 1161 616
· 161611616, 66661611 66161116 611666 61611, 66161616 16 11616
616161, 616 66 li remeasse, 66 66 166161116 mon 6616161 116611 61
1616116116.“ Α16116’61161111111[431] 1 6666611616. 11116116616111
11 66161166 61 666 6116111166 61 11 6116616166 1661611. Li 6116616166
1661611111, 616616116616116 16161161 1616, 6116 61 61116 661666 1616
16 6666611611, 66611 6616611616 161611 1616 11, 61 1161; „Des or 6166
661 1111611616, 666 66 1666 66, 616 g'ai 61 66166. 2 N'ai 66 1611
161, 616 66 61 116116 661661161 61116 6611616 61 6111 66 me 1616661611
11616, 616 66 11 1661616661 1661111161 161616 moi 1616161 166
661166, 6611 616 1616661616 66 611666666661 lui? Et li ΝΠ. 66161
661111616 16 16 1116, 66161111 6616611616 66 6611166611611161161
61611611 161 plus 161616616; 3 66 plus 61611616, 16 161616 go
61616161 Ge 661,“ 1161 616, „li 6616 6111 1616, 66 6161161 1611616
16 mon sens.“

A 1611 16611616616116 61161116, 1611 666 66 1111 61 point
161161. La 16116 666161661661661 6111 dist: „Sire, 611616 11611
66166 1661 Toz jors 616666 166 6 166161 ; 4 166 166166 point 6116
16161616, 61 come vos 16166161 66116, 611661661611 66616166 66166
16166 1666166161 16161116 61166161 16 66 6616 66 66 1161166;
6116, 616116 1616611611 116161 16616161 116166 161 1666616 6161

 

