XL

65555551 15 151); 52 8214 515 l or 15 me 61155. dont! [8155 6151
11 55151555, 151155 6551 1155115 5555555, 555 555515 555 [5155555
611, 555511 11 destruis, si 55 55 5555511 51555 555 61555. Par 151,
615111 555555555, 5515511555]Ι 11 1555515 555555. [65555 15 551 1
555551, 5515 555 11 555555555 1’5155555565]; 53 83⁰4 (5515 5115
55155 15 55515155 54 8354 (5555 65 555 . .. 5555551155 55 8361
555 [55 11555555 551511 55555 destruis, vous vous 55 5555511555 55555]
1551 [5155 51 55 65555155 555 15155 5555, 6551 5555 vous 55
65555155 55555115, 5555555 55551555 5555 55 555155 5551 6515555
56 8413 amors [555 11 515555 555155 5 5555 51] 555 11 1555; 57
85⁵1 (quar petit prise son mestre); 58 8502 6555155 [1551551515
515155551Η55565 5115655515515 11 6151; Dones moi 55 655] Ι 51
’ 15155555, 615111, 5515 6555566155 59 86⁸3 (vous 55555 5155
551555 55 51) je 5555; 60 8613 611555 [51 555 515 5 555 55151 511
6555551551] 555 . ,. [Et 5555111511, 555 1551 15 55551515, 11 55 55
5151 555 55 55511] ( ains* en 5151 droit 55515655 6555516515 1555
51 15 5’555515; 61 87·1’ 55565 ( 551 5511 65 55 5551555 51 65 55 555-
61555; 62 8813 [55511115 li 15 55555565 55 1555 51] 555 fix; 63
9253 (51 65 155 1555555 555155); 64 9314 (551 55515 chose m'ait
15115); 65 94⁸3 (51 51565551515 555151) 51551515551; 66 9453 (51
5511 jor); 94124 (555551 11 551515551 55151 1555555 67 9401
(Einsi 5555 11 (15 15 [515155 68 9403 (51 651555, 15155)... (65-
1555 1155555 51 11) (Por 5551155155 9411 55155555) 65
55 . . 5555 (ge 5515155. 9413 555551) je vous pri; 69 94⁶4 (11551
5515 . . 95·1555515111555); 70 9511 (quar il 55551511 .. 155 5515555
71 9552 (51555655551155 155 555555); 72 9513 (11 5551515155)

’ (51 515 5 155155) (51 51515555 . .. 6515555155 73 95⁸4

(quar 515 55515 5515 555); 74 9612 55515 [Ne 5555555515 eure
5515 55 61, 555 je ne 55 5555555 65115515 65515555 65 5555 555
je 5551551551551 555 55155 chose 1555 555 55 55515 veoie, 5511
55511 1’555555555; 5165515515 5551115515, 55 551 ge 5155, 55 555
5555551551 51 11 5551555, 65 5551 je sai bien, 555 [5 551 5155; 51
155 551 55551 515555 1555 55555, 5155 55565555 55 55515 vous

ai 5551511, 51 dex 51 1555] 555 5555 51 55 [51 en 15 55511155
65 555 55’515555555155511555 5551511] 55551 5555511 [555555

5511555115511115115515] eompaignie [51 55551 55 15 fait] li
555555555 55555155 555 [55551 11 155 5551155515, 515515155555
11 55511155 55155 1515] 5555515551 55555515 1555555551. [51

 

