-59

10 101 011010110101011111 „sw 110111010100, „ge 10 Ι100 11101,
100 010 11 10101011. 3110 110110111010 0 1101 1010101 01 ll
100111101100000 0111 1110101 [1110101011 Ge 1011011 1101000,
0101 0110 100 011 111000 101110 0101110 0101 01 01 11101 010
100101010101010 11010, 010 001010111110 0 .Ι. 01110 0101110
10110100 01 01 11101 010 101110 10110 010 10 11010, 0101 001100
0001101001 0101010101110 0101’011101;401101111001110101
· 1100, 01011 00 ’01 111 01111 001111. 1111101 001110 11011 0001
0010101011 11101110101 0110101 00101001 ,,101100,“ 1111 11 011-
0010101, ,001001 001011*

(1000111 0110010100 00101 0001001, 000 il ot 1011 100010 01
0110101101, 11 10 010110 1101101 1111111,,Αι111, 011011 011 100110
0010011 110101 01001110 10101010101[141]1010011010110
10111001 1101101011 1011011 011011 0101, 0101 100110 010101 me
01011 110111ι 11010101 10 00100100, qu'll n’i 1011011011 1110, 0101
101 001 1011011101 10 10110, 011 1011011 10 1011, 0111 0010 011011
1101101 000 0111 0110010101 101011 11001101 10 101101010, 0111 11
101100110001 10 11011100; 211101001110101100100101 li dist: ,1110
.10.11010111(1010101101101 1110, 0111 1010110101 01 1101 0011,
0101 11 001011 01000, 000 00111111· ,,Ρο1 101,“ 110111 0110011101,
,,00 00100 1101, 0111 10 101 1 01001 0 10110101.“ 110110110111
11010101 0 0010010101, 01011 01100101001011011 001 monton 01011
10 10111011 10 10 1011010100, 1110 1010 01 0110110111011 3 ,sim
001111 010 10110101 100101101 1101 0110, 0101 go 1101 110110
1101110 0 1101101 00110111 ,Α 1101 001011011 110111 0110010101.
Δ 101110 00111 10100011010101001101 11111011 il 01111101-
1011 0100101 01 1011, 010 10 1111 1111; 11 00010 10110 01 10010000
01101· 1101, 0111101 101011010110 110111, 4 01101110101011001 10
10 0011011Ιο, 01111101010111010. ,81101 1111 10110000, ,101 101011,
11 101110 1010111011 1001110, 0111 1001011011 011000100 100 01
1011001011 01 00010010 01 101 1011011101111011 1011011011, 0101
100 01011 1101 10 0101; la 10 101111 010101010, 11 10 101011 101
10011011.1 11101111010100 011011110110110, 11 101 101 [11·]1
11011 101 010 101 1110 01 dist: ,1)0110, 1101101011 11010111 010001
101011010101101110 1101101, 1101 11011 001 1011 01 0110010101
1111011, 011 0110010011 10 0101, 0111011 011 00111 01 11011000, 011
011 1010 01 0010100; 1000 101 101101011111 001-10100101 go 1101
1101 10110111· 1 ,8110ι 111110110010, ,10 001101, 101 010 11

 

