49

1111111111 11111111 3,,111 1111, 1111 1111111, 111 11111111111111
¹XVIII. 111, 1111111 11 semble avoir .XXX.; 111 11111111111111
11111111111111111111111111 11 1111; 11111 11111 11 1111111111
111 11 1111111111.“ ,,Ρ1111,“ 1111111, ,11111 111111111111111111
1111111 111111111111 1111.“ 4 11111111 11111111111 1111, 11
1111111 11 111 1111111 1111 11111 1111111111 11111111111111211.
1111 111 plorant 11 111 111. (11111111, qui 11111111 1111111111,
11111111, 11 1’1 1111111, qui 11 11111111111111. ,,Π111,“ 111111
11111, ,11111111 1111111111( „Sir0‚“ 1111111, „ge 11 11111111
1111111 111 11, 11 11 [491] 1 111111 111111111111, 1111111111111
1 1111111111, quar vos 11 1111111111 1111 11 1111 111 11 11111 111-
1111; 11 1111111111 il, 111 11111111, 11111111 111111 1111111.“ Α
1111 1111 11 11111111111 1 1111111 11 11 prist 11111111111111111ε
„Venez 11, 111111* 2 Α 1111 111111111 11111111111 11 1111111 11
mis 11 11111111111111 1111111 li 111111, 1111111 11 1111, 111111
11 1111111. 11111 11 1111111111111111 1111 1111, 11111111111111
111111111 pris, 1111111 11111111 11 11111111 111 11 11111 11
11111, 1111111111. 11 Li 11111111111 111 1111111 111111 1111111 11
1111111 fille devant 111 111 11 111 11 111 111111; 11 11111111 111
1111111 11111 11111111 11111111 11 11111111 111111111111111
1111111111111111. 1311111111 11111111 1111111111, 1111111111
11 1111111111 11111111 11111111 111 1111111111111111111111111111
grant 11111 11 11 1111 111 1111111 11 111 1111111111. 4111111111-
11111 1111111111 111111111111 111 1111111111 1111111111111111111.
1111111111 111111 111111, 11 11111111111 mains 11 111111111111
11111111; 11 quant 11 11111111111, li 11111111111 11111 11111111
11111 1111 11111 ,,8111, ge 11 111, 111 111 11111, 1111 1111111 111
1111111111 111; 11 111111111111111111111, 1111111 11 111111 111
111111 ,,8111,“111111111111,[10·] 1 „vos 11 1111111 111 11111,
111111111111111111111.“ Α 1111 11 11111 li 1111111111111
1111, 1111111111111, 11 1’11111111111111111111; 11 quant 11 1111
11 111111 1111 111111 1111 1111 1111111, 11111111 mist 11 1111111111
1 11111 11 11 1111; ,Sim 111111 avons 111111 mont grant avoir5
li 111111 1111111111111, 1111 111111111; 2 1111111111, 111 ge
11 puis plus 11111111, ge 111 pri, qne vos 11111111 111 111111, que
ge 111 dimi: (11 111 11111111111111111, 11111111111111111 1111,
quar 11111 111; 1111 111 111111 1111111111 111111 111 1111 111111
11 1111, 3 1111 111 1111111 11 111, que 11111111, qul 111111 111,

 

