. 121

1616; 66111661α 1,,8116,1 dist 16661666 Τ61166, „ge 11161. Stre, nos
1166666 66 6661116166166116 661, 66616, 66166166 661, 1666 1661

66111 66616 66 661616 16 6116161, 6661 11 6666616, 66 166161-
· 1161661661, haine i 661 66 66616, 66611616661 66616 16161666
6661 161 166, 6661 li 16616111616 16 116166; 661 66 si pensons bien,
dont cist 16616111666 6661 6 666 61 6 1161666, 4 66 661161616166
1666616616, 61 6666661166, 666 666116 fille 66 met pas 6661 cas 661
1161666 661 1666161116, mes 6611666616666611666166161’6ι66666611;
61 66 666 661 16 111 16 666116 fille 16166 1161666 166166116 661 chose,
666 66 1661611 ait 6661166 66 1116, 666 161616 6661 grant marchio
16 666116 ami 66166 [85¹³] l Herodes fist 16 16 16616 66161 161166
Β6611616.“ ,11661 16616116,“ 1161 11 6616616166, „fist Herodes 16 16
16616 saint 161166 Β66116161“ ,Ρ61161, siref 1161161166, „ge 16
666 11161, 66 il 16 666 616616 611; 1666 16166 6616161666116 1161666,
1661666 6116111, 6666 66 666 166166 161 166116116 61 666 666
6661666161Ι 661 66, 666 ge 666111616, 666 666 16666161 destruit por
66661, 666 666 66 66666111166, mes 66 6616111166 61611.1 2 ,81161
1166111 16166, ,11 66 111 6611.1 Δ16611611616666 6666166 666116
61166611166, 1661 666 Τ61166 6661 66616, 61 ’161166 66616666 6 1116;
Sire, il ot .I. roi 66 16166, 66166611666 Η616166; 1666 61166 vl.
66166 ,1611666 Β66116166 estoit 61 11661611 66 66 1616 61 66661- ’
“ 6661116 666616 6116 166166611 16 666 161166. 3 01 661616661166
jor 161616 1611 Η616166 Η6161166, 16 16166 Ρ11611666 666 11616, 6116
1666116661661666616666. 86166 1611666 6661 666166 61 61616
161, 4 61 16166616116 66616 611666 61 11 1161, 666 il deguerpissist
1616616 616661166 661611 16111166 6661116616 16611 16 16616 666
frere 66 66166661666. La 16166 oi parler, 66666166 1611666 66611
66166 6666166 dites, 61 1’66 6661111 mont 66 he. Li 1616 Η616166
66 661611 661611, 666 166 6611661 66 66 1666 16 111666 111161, 6166
1661611166 66666661, [85⁰] 1 qui 166116 161 661161661666 1616
6666, 61 1161 prendre 6616116166 61 metro 66 611666; 6166 11 66 16
661611666 metra 6 mort, quar 11 16 6661611 6 61661666 61666161;
611661, 666 66 6161 .1. jors, que 11 6616 Η616166 116116616 61661
grant 61 1661611 6616 66 magian 261661616166 666 666661666661
661666, 66616 1116 6 16 16166 6161 166661161, 6166616666 61616161
616 1666161616 16166. Li 1616 Η616166 66161 16661 661 geu 66
gre 61666111 61611166666161661616616, 61 li dist: ,06166616 moi
.I. don 6116 166166, 6616 66 16 16666616166 16 1661116 16 1666

 

