134

00011 00 000000 0 00, qne 001000 li 00011 0001ος 01 quantes 0101
. 00 00110, qne 11 001010000, si s’en 010 0 nn bel 000010, qn’ll
000110000 111000, 01110110 0011. 10 00100, qni 1010 0010 010011
00 011110 010, 0100 s’en 01010 10 chambre 0000000101011010000
1000001 0001 100000001; 4 010 00101 00 0100100, 01 00 00000 l.
100 0000 01 0010 s‘en 000101 00 000 lit 0101. An 00110 quent 010
10 10000 0111 001010 00000100 1010, 00 11 01 gen, ele 11 0010110
000 10 10 chemise 01 00100 01 11 1101; ,11100 11001 00000 000101
00010100 01 00 001 00011101001000 grant 00100.1 Li 001010
0000110100 01101 00010 [91⁰] 1 1010 00 0000100 100001 001 0101

01 00101, 0001100 00 0000100110 0100100, 011001 000 ee 010100 ,

senecbel. Li 000001000 000100 les 0000 10 se chemise come 011,
qni garde 00 00 000οο11 10 1001000 0010, 01 l'en 101111 101 001001,
000011 0010 00 100011, 01101001000101010 010 chemise. 2 Ι,Ρο
101,“ 110111 000000000, ,0001 000101; 001001010110 me pendez!“
Li 00100 0111010110 000100 00 10 enitescere, 0100 10 10010010

,000 0100 000000000, ge qni 01 000 Jesse, 000 001 00000
000011, qne 000 00 00100 000 semblables 0000101001, qni 01100101
01110 ce, qne li peres 00 00101 li 00011 101, 3 00 qne 000 00 erese
000 01 legierement 0001001111000 0001001000, come 0101 0010101
10 0000; 0100 000 1000100 semblables 0 0000100, 000101000 00 000-
1000001 000 000 000 00 0001100000, mes 000 0001000100 00000001
000 1100000, quer 000 000000100000100100000 000100, 100 000000
000 001000 00001 0000 100101001; 4 01 0110001000000001000010
11000, que 000 000 00000 100 cc 00 0010000; 000000000000100100,
1100000, 000100 001, 0010010010100 010, 100001 que 10 01000 scit
miens sene, quer 00 000011 1000 000011011011 „Sire‚“ 11001111οω0
„il 00 11010010.ίι Lors 000001011 000000000, 00011000οο0 1001
010 [91111 00 10101010 01 qne il 010001100010100010. Dece
1010000000ἰο 0001 101001ος 10100 001οι 00101 1001, qne li 0001010
000000; 01 quent 00 010100 01101 1010010, 0100 000001000000010,
que 00001 0100 0010001101 0100 000000001110 01000; 01 s’en vim
en 10 0010 100001 1000000000 01100001100100000, si dist: esne
000000000, 00111 000 bien 1000 10 000 0000100 10 000100 aneni?
000100, 000100 000010 00111, quar 0010 qn'il 0000 101 0001 trel
il 0001 000 001000 100100, 1001 0011 grenz, 0001100010100101011
01 0100 1011100 01010100 ce, qne 100 00 0001000010 qne 00, 001
l'en 0001 recovrer ; 3 10000010100 000100 lille, comest le 000 0000011

 

