144

1111111129. 1111111111 30. 39.

(mandi) 1111111111 21. 32. 49. 11111-
(1110129. 111111105133. 11111-
1111111 16.

11011101012. 5. 8. 2011.

(1111111103, span 1111111001) 1111-
100011 12 21 2629. 1111111001
32. 33.

(11111103 110) 111110001111 16.
2l. 49. 1111000111012

(1111111103 pepira) mandepoere 12.
49 11116010010 53. 1111301010
21. 33. manndeporre 16.

(mandiog poropi) 1111100011 (1111-
100011) propie 12. 1111100011 pro·
prie 21. [1111110011] porpy 33.
11111001 propy 49. 11111101
perry 16.

(1111101) 11111134. 45. 11011134.
1101111135.

111111311011 41. 53.

1111111111 16. 40.

mannskopf 43.

mantel 35. 38. 51.

mark 1301111111) 35.

(1111111101) 1111301057.

1113 53. 59.

111111 (111) 53.

1111135.

111110101 12. 14.

111118.

11111101· 41.

100111111165.

meist (1111111111)11.

10130151. 59.

menig 49. 52.

(11011110) mansacho 46.

(1101111110) 111110101011 46.

11011011111011111 16.

1011011110ρί 43.

(1101111) 11111110 3.

messe 28.

messer 4. 13. 33. 38.

(110110161011)1111111101111 66.

1110111 29. 59.

1110110 50.

milich 53.

(11111011) minut 41.
111111111111111111. 1111111111.
1111301011 48.
111101111111311111111) Ι.
11111301 (11111101) 37.
11111111 53.

(1101111101) 37.

11111110 68.

111111101 1. 22. 46.
musica 35.

1111101113 29.

111101 17. 44,

111101 51157.Ι 59.
(131101) 1101111 56.
11111135.

111101 33.

1110 65.

netz 7. 64.

110101103111 59.

101; zur 101 (11113) 35. ·
10111111 1. 21. 35. 49.
(111111, 111111)11011017.

05110301 19.

01110311 1. 31. 60.

(0111011111) ordinant 15. 43. 47.
(01110111) 01111101013. 17.
0111111011 45.

omen 1. 11101101, momen.

01111113 59.
01101 13.

1111111111 67.
(111111110111111111111 17. 30. 4145.
111111111ᾱο 11.

(palmite) 1111111101 38.
(1110110111) 1101110111 42.
1111101 38. ’
1111311 51. 67.

111113011οά11 15.

parabol 1. barbota.

111101 46.

 

