XXXVIII

VH. (1161 4146161641 464 V:

1 3204 (61 mo 664164614 466146 664461 2 3403 (Qui 616641... 2

446146) 61, 3 3601 (466146 6646611 que 4646 164646Ι; 43103 [64

Ι

Ι

44646664 3704 sientque) 66 46664; 5 3904 (86144444, ge 46 ’

3903 1616166 4646 66Ι; 6 4201 (41 61461 Ρ46446464); 1 4601
(11641 6641 166 autres) ; 8 4102 [61 466 4 614 4444441614 4464-

6146 4444164411441 144464 46]; 9 5501 (Α 1441 66111116); 10 ’

5704 (li 1641616464644Ις 116564 (61 un 664464164 664 664
46144). Η1644461 1611446164 original, 46614 111161 11646 1441661411
116 4641646 1641141464 mit 44644146 464 G, welche 1441661411
im angemeinen 441 V zuriickgeht; nur VH, 8 44416111 (1446344.

B. (1646146446 414616144464 464 44441 6164 4461446444 1441-
661411164 164 1141464 4646411464.

Ι. ΡΝ 44614164 464 den iibrigen 1441661411164 ab:

1 2902 44446146 Ι 444446, 2 3602 441641 Ι 44441; 3 3601 64
sanz [6146641461 4 3701 66464114 44444ς 5 3901 16144144441
Ι6166616144641Ι; 6 4102 [444611441661411 7 58⁰4 44661446 [1411661
8 6101 [que 1446164614 416 646466]; 9 6902 16 me doit [41461
61Ι1Ι 1611666141, 4 641164 1611166644]; 10 ’1144 14661441166 46
464646 [4446 14 4116 61 66 641614) 6461446164; 11 7504 4646
[61 que ge 11 port 161 14 164 16 464 chevaliers 6116466]; 12 8602
ΙΖο4646; 13 9001Ι4614446646Ρ44 9012 ja 61 46114441461
Η1644461 gehen? undNauf 6144 4446146446 und 4444 4446411141
mit 4116161611 441 44 10 sehon 16116414116 4641446 444161, 6164,
441113161614644461161 146 41611146, Ρ 1111616 11646414466411.

11. AO 4616144 464 1641141464 1441641411164 41;

1 2602 14166611 Ι 666 maistres senescaus3 2 2104 go 41641 14666
repentis ’16 661 4441446146 4646 66446 4646 461166 164441

’ 66 4646 46 46166, 611614166146, 4466 164166 46166 je 16 4646

11441. (Or 6414646466) 1064166, 14164 6144, 44641, 3 2863 641466.
[046, 6146, 1161616]; 4 285 (4411 146664166616616Ι; 5 2806 (et
vous 11461 64 16116Ι; 62902 (61 erut saiges); 129031114
[61 1441661161614 4664616], 61444414; 8 3005 choses. [Pour 1164,
66144644, 6646611166 44’641]; 9 3001 4644414446 Ι 16 464 164646

 

