99

0 001 droit 10 1010 01 00 volente, 100011 0011 cn 0111010010010-
111001 0110010 00 0011010 0001 001 1100110005 porco, 00 00

000 01 ahoe, n'oi 00 droit 00 000, 100011 000 00 000 010 0000000,
01 encore 1010 n'i 01 00 droit 1010 000001 00010000.1 2 ,Sirc,“
1101010, ,00010001 10 10001111 ,1)0100,1 110111, ,10 reson 01001
001 0000101100 d’ovoir 001011, 001 0 1100 0100001, 0001 001 00110-
1100110 101, 11000110, 101 0011 010 00 1011ος 01 encore 0101 001110
1000001101110100110100, 0001 1011 0’00 1011 0011010 tochone
jore 01 0 101 0011100.1 3 ,Sirc,“ 1101 010, ,00 0000100110, 10110011
0011ος 0001 00 0101, 000 11 0001 000 10 0001, 001 0 ce 010100οη1
garder ‚Domc,“ dist llorqucc, ,0110010 10 110100, 00011100
novient 001101 1010100100 choses, qui 0 00010 0010010 1011011001,
01000111001100 100 01100 diz 01100100010 01 100 0010000, 001 0
ceste volente vicncnt, 4 0101001101001, 000 10 0010010 010000
noturclmcnt, 10100100111 1010 001 mariage!

A 000 0010100 0’00 10111010000 100 0110111100 01 0’00 vient 011
10 0010. 110 000 000 ,1. 1100001000 10000111 00 percu 0111001000
10 0010; 01 c'cn 01111 1000011011001001 sanz 101 001001 0111101110
0000101100011101; ‚Feles 001101, 000 01 0 0001111 [140111
0110010100 00010 .1. 01010, 01 li baille 1001011000111011 ,1110100000
cez lotrecl‘ Adont 0110111 01010 100 101100 01100 10101001 toz 011
000111 „Li 1010 1011100 0 1010001001 10 0001011100110 010011110,
101 000 00101 Ge 10 mont 01 0011011, 000 10 0100000 0 1101 01101
merci, 1101 pier 0100 chemise, 01 01001 00100 000 01001001 01,
000 10 000101100 10110110, 2 0001 il 001 mione 10 001 1100 0110000010 ;
01 00 10 ce 00 0000 1010, 00 10 10011101011101000110001101000110
0100110 001 01, 0000011 11000 0010011001, 000100 0010 001100
1001110101 10100110110, 01 0010 1100101100 01100ος 01 0011111000
chevaliers 001011 00111000, 3 00 m'cn 1101 en 0100 0010 001 01, 000
jo 1000 0 md ior ne movrei contre 101 1100100 00 1010011.1 Queat
11 101 010001οο1 01001 001 101100 0100, 01 1000010100 00 0011001101
⁸ 10110010, quel 00110011 il lor 00 100011. ,8110,“ 1101 11010000 0
1011001001 10 00010011001110, ,00 000 111011 D’dler 110101 0110101
10100110 000110 0100110 00 000 10 00 mie, 4 0100010 000 10111011
00001010101110101 .11. 010001101ος mec encore n’cet 000 coeto
01000 0 droit 001110, 000111000010110, 00000 li 000110 chevaliers
0010011001, 000000 001010 en 00 100101 10 000 100110110 otnero
000110 1010 0000, 01 00 1101000 chevaliers 0010010000, 11 n’eo 0110110

 

