44

1111111111111111111111111111 11111 111111111 2 11111 ariagne 111
1111 11111 111 11111111 1111111111 1111111111, 11 111 1111111111
.Ι. 1 .Ι., qu'il 111 11111111 111111 Et 11111 11111 11111 1111111111
1111 11111111 111 11111 1111111 11111111 11111111111111 Et 11111 11111
11 111 1 vandra, 3 111111111111111 1111111111111111, 11111111·
111111 venir, ge 111 1111 11111 a lor table, 11111 11 1111 1 11111111
111111.“ ,111131 11 111111 111111, „voa dirachium 11 n'i a 1111, 111
bien 111 111 111 111 basoinffi 1111 111 annea, quar caiana a 1111
1111111· ,,1)1111,“ 111111111111, ,1111111111 11 mon 1111111, 111
11 11111 11111* 4 ,,Π 1111,“ 1111 111, ‚arriana amarer 11 1111111111*
,,1)1111,“ 111111111111, „gardra qn'il 11 1111 1111111111 111111
11111111 maner 11111111 chambre, 11 qr'il 11111111 111111 11111111
,‚Sira‚“ 111111 dame, „ ai i 1111 111111111“ ,111111 111111111111111111
1111111111 errz 1111 1111111. 1111111 111111 11 11111111111111111,11111
11111 11 diat: „Laurea 111 11111111111111111111[411]111111, quant
111111 avons 11111111111111111111111 1111 1111111111ς 1111111111 1
11 11111 1 111 11 par 111 1 11111 111111, ga 11 111 11 111.1111111111“
Lora fu 11111111 111111 11 11111 parz 11 11111111 11 ,1111111111
11111111111111111111111, 1111111111111111111; 11 li 1111 1111
1111111111, 2111111111111111111111 a 1111111. patit3 11 1111 11
111111111 tant, qu'il 11111111. Mar-ques 111, 1111111 1111111111111
11111111 11 111, 11 11 111 111 11111111111111 1111111111. si lor 11111
111 11 111111 111 111111 11111 1111 11111 que d'un que 111, 3 qu'il 111
111111 11111, 11 1111111111111 1111111 11 11 chambre au saignorat
li 11111111 111 1111 11 11 1’1111111; 1111111111 ala 111 1111111111
par 11 11111111111111 11 11 11111 11 11 11111111 1 maugier 111
1111111111 111111111111111111111, 11 1111111111 111 baria 111111
111111 111 11 chambre, ai qu’il 1111111111111. 4 11111111 11111111
111 1111 111 11111111 11111111; 11 quant Marquea 1111111111111.
11 santi 1111 1111111111 a 111 111111 hardi 1111111111111, 111111
1111111111 11111. Quart Marquaa 11 margia, 11 a’arma 11 1111111111,
quar 11 11111111111 1111 11 quoi. Et quant il 111 1111111, [47⁰] l
11 11111111 guaros, quali 11111 1111111111111, 1111 1111 marniae,
11 1111111111 111111 1111 11 11111 111111 sema parles 11111111,11111
11111111 1111111 1111111 passer. Quart 111 1111111111 11111111
11111 11 11 111111, 11 111 fureur 1111111 111111 11 111111111ε ,1111111111
1111111 1111111111 11 111 1111111111111111, 11 que 1111 1111111111
naz 11111.“ 2 A 11111 111111111111 111111111111111111111111111111

 

