82

111011111101 101101 111 111001 .Ι. 1 ,1. 01 101 100101111 011, 001
0001 1111110011 011011, 11011 10110101οη1 101000101101101. Δ 1101
01 001 00011101011111 1111 1100011 1111001 01111 00001100001 devant
1111001101 11111 ,Βο10001, 0101 01 .VI. 01011, 001 011101 0110111
11111001010111110010100111 01110110 1110 0011 11 101 1010011101
111011111111111101111.· nt li 001 101 .VII. 111011 [66⁸] 1 101
demenda, 001 0001 11 111101 ee. 11110001, 001 011 0111011 000101,
(1101 011011 01010111111 01118 0111011, 0011 01 1011111 10 18 prison),
respondi 1 00101 0111111 ,8111 11 00101 1010001101111, 00 01
0000110101100101 001 1011101, 111 00 1111101111 0010001010.“ ,Certen
00 01100111,“ 1100111 .VII. 11100, ,111101000111 2 ,8110000Ι
111111110001, ,1011011 0001011 0010011010 111 0111110101 11 ferte- Α
1101 101001, 1011011111 111 li 0111101 10 0110101111 1111110101 11
101111000 10 01101 01 11 11 10010101; 01 101 00011001 1010011011,
quant l'en li brine 11 001000101011 10001111 00101, 0011111 11111,
3 1001 1101111110 li 01001010 1111111 11011 01 il et 11 01010100, 00101
1’10 li 1100 1011111111, et 11110 0001, 0011111111011 001; 01101
001 1010111. Nes 1111001 10 001110 01111 1100 00011001 1001 1011
111101, 001110 1111100111011011; encore 1 01110101, 0011 11 001
00011101 00111; 001 001 ternanos 10 11100110 01111 11111001 bien,
11 00100 11101011 10100.1 4 ,13111011 1110111 ι1111111101, „seiger
01 01 bien 001 110011001, 001 001 11101 01001001 00 100 0110111
10 1011 10110111 come en 100 01111, 11 0110110010 111, 00110011100

0011011100110110111 Lore 001010111ου1 li .VH. 11101, 001 1’00
101 101101111 111011001111 1’00 10101 1010110111; [6611 1 1111011
1111. 11001101 .VII. 111001, 001 10011111 01000, pense 10001 e
11110010, 00111110001 0111110, 11 1 11 011010, 0011 01 dite, 1111
01011, 0011 110011 1111, 11101101111 entre 1001 1001 0111 00001,
1111111 „Merqnee¹ 00 00111010 00 0101 111 ponte Lens 11 00101
101110101111111011 00 01011011111 diet: 2 ,Βο101 nien, 00 1011

00111111 11001101 001101 11011, 0011 001 101101 1111 10101
1111ος 11 001110 11010110 001 1 0100111111 111.ιι Quane li 10110 101001,
0011011011 11110011, 1111 1010110111111011101 0101001 i 0101101
010110 00101 1111001ς 3 li 00111101011, li autres le beseit3 11001
0101011 10 1010 10 00 0001100001110111111 101101 110111011110011
10 virent en 111 00101. „Beens 1111,ίι 001111 charone, ,11 001101
1011 111001, 111 0’011100011; 11100000110011 11010 01 001 001
deviez garder 1111; 41001 ves 001 0111111111 menvesennent et toz

 

