38

13 So 113111 11111 111111111111111Β11111111111111 11131111111
8111111111 1111111111111 111 111111111111111111111113 411111
11131 11 einer 111111, 1111111111Κ1111111’. 1111 1111111111111111
von visohs 1111 11111111, 1111 1111111111 11 12000 1111, 111 man all

1111 111113 mag prauehen. 1111111111111 111111111111111311 3111111,
111 111 11111111, 1111 1111111111 111111· 11111, 1111131111 vonu
1111), item 111 11111111111111, auch jung 1111 111 1111111111111-
1111 1111113 11111 dem angosicht; item 11111111111111111111, 1111
111 111 11111111 vom 111111 piss 111 11111111 1111111111 mit 111111

11111111111 1111111111 11111 oben 311111. 011111111111111111111
vil [kilmehen]work vonn 111111; 11111 vil vonn 1111 1111111
1111111111. 811 1111111 1111 mit ir 1111111, 111 11111111, 1111111
[111 11111111111111, 1111311111 1111 311111, ρ11111111111,1111311,
1111111, 1111111 [111 1111111311]; 1111111 pei 11111 2 113, 1111111

11 gabon 111 1111 1111011111, 11 3113111131111311111, 111 1111111111 ¹

unnss 111 weg 111311 111 111 1111111 11111111 3111111111 1111.

(17) 11111111 11311 11111 1111111 zu einer 111111, 111 11131111 ,
1113111111, 111 11111 11111111 113400001111111111 man, 11111111-

tenu* 111111111111111111 1111111, haben 11111 2 1111111111 111
,0111 11111; item [111] 11111 weit 3011111 1131 vonn 111101111111,
11111111 mit 1111 ’.11111111 1111 01111111 111 31111111111111; 111

111 in 1111111111, 1111111113 [111] 6 1111111114 [moll] preit.

11111111111111111 1111111 1111 wird seinos 1111111111 111311 1111113 in
Ρ1113113311131 (11113311, Ν1111311111. 1. 1171 9¹ 1111 1131111111
Ρ11111111111 (111111111113111), 111 3111113 111 1111111111 (11113111
111111 111111113111111) 31111113. 111311 1111111111111111111111111-
111111 1111111111 1111111131111111(Ν1111.161). 10 11111311111111111
1111111113 (1. 144) 111 1111111111 11111111 111111111111 111 Panna im
· wilden 11111111 11111111111111111-1111 (1111 1111111111) 1111111111,
111 111 111 deutschen 11111111111 11111111 111111 1111111111 1111 111-
11111111 11111. 1111111111 8111111111 an zwei 1111111 (1. 49. 16) 11111
,311111Ιί noch ,11111Ιι 1111111111, 11 11101111 1111111111 1111111113
111111 1111111111 1111111 noch 1111 1111111 1111111111 111 111 in 11311-
111111 11 zahlreiohen 11111 111 ,1111111· 11111111 (1. 11111 1. 112).

1 11131. 111111. 35, anm. 1. 2 01111111 (Angelis), 11 walchen
111111111111 111111110111111, 11111111 1118111111 3111311, noch
11111111 11 1111 0111111111 (Burm. 1. 34); 11111111111111111111111 ¹
1111111311 111111 1111111111 und im 11111111 (1111111111, 111111 Rio
1111111 11111111111111111111111111111111111, 11311111111. 4 navaria-
1111 1111 (sich) 11111111

 

