131

11000111 111111 .Ι. chevalier 111010 1100111. Li concierges 11
11001 10011 11110101 11 01111 100 1111111 00 11111111 0111111110 11
servi 10 110101111 11 0101011 01111110010011. 11 estoit 10101 0111
0011111111010111101, qui 111 111011 11 0111100110111 11 111111
[90·] 1 1’01100001110110101011110111 mont 11011, 11 li conciorges’
10 1 100 00001111 11110011 0011011101, que li 1100111101 1’10-
dormi 0001 1010110101. Li coneierges 01 1101110111001111, 1111
110110 111, 01 011 111011, 1111 0000111 111111001 11011 110011
. 10 10110110 cors 10 .Ι. 1111111 11110101 11010 11011111111. 2111
1101111101 10 01001 1111 de 11111 011011, quant il le sot, 11 li 101-
01111111101111111011 01001, que 111111 111011 1010001, 11 11 1111
00111101110111 11111, 11 00101 11 01 10 110110, 11 10 111 11 110-
0011111 10001 grant duel. 3110111 00 10011 01111 11 11011011
chose seue, 0001101111 11011, quar il 0111101001, 001110 01 soit.
Li conoiorgos s'en foi 11 li 1001011101 10 0111; li 1010111111, qui
trop estoit 1111001111, 01001111 011 1101011 11 11011000, 110111
0111101011110111101111110111 111 00101, 10110101111 1101 11
fille 1111 baron 11 11 1111 11 11111001 merei 1 1101011101 001 11
1100111111 11, 00101 011011 000011 1110 111011101, 4111101 11 11-
111101 100 11 d'el, qu’il 1111011 111000111 001 li 1101011101
01111 11 prison toz 11111111; 11 quant il 111, 001 1110 1101101111
si grant 101, 111101011, 0011011011 garde de nul 10111, 01 11
10111 1000101, 001 111 11111 111011 1001; 11 11 0101000111111111
1111111001 de 111111 10 gre [1010111 01001 10110101111101-
1011111, 11 quo il 1101011101 01 11 001111111011011001; 111101
101100111 1101011101 1101110111, 011 11 111 010101 10 110011111,
00111 1010110111 011011. Et quant li 1101011101 01 11011 111 100
11111, 11 01100001111111001, 1 00111 1111100 001101, 11 il 11
10011111012 010011 1111 11111101 10 000100 11 1111 0110111101
tuit. ,8110001ιι 1111 li 1101111101, ,0111 11111 111 1110110111
11101, 010’100011111001111 1111 1 11011; 101 11111 bien, 001
ge 11 11 fillo 0 11011, 11 11 0’1 010110111, 00 01111 ja 1011; 11111
11 111011 011 1111100001101111011011011 11 1011 1110111111-
101101101* 3111 baron 11001111101 1 01 00111011011111, que 011
101 111011, 11001 01, qu'il 110101101 10001; 11 10111101 10011101
11 10100111101101 110111010001 11 11100111, qui 000011 111011 11
11111101. 111 quant li 1010011111 101101 111, 001011 11 01101 011

 

