47

100 110110101111 0 101 00110110, (110101 1011010111, 11100100 011 11111-
11011 .ΠΙ. 0111011; 101 0111101 .1111. 1111 11010101 passer 1111· 1011100
0110110111οε 111101.

41111111 001110 011 1110111 1111 0011, 10 101110 0111 100 110 10
111100 011011 11111011 10 0010. 11011 fu 11111101 0011011101010110
01100 1011010οΙ01 01111101101111 „sim por 1101 0011011110111001
Que porrons 1100 1010111· 110 01 [10110110 1101001011 1100110110001
10101011· 001011, 11100 1100110111 petit 111110.1 1110111 1111010
1111110 et 11110 ,,8110, 1011101011101110 [481] 1 plus 101, 111101·-
10100 10111111101 1100 110101 001 0110010 111, 11 00110 011 1110111 001110,
011010 0011110011, 01 111 101 11 01101 10 1011111110 por 1011101,
1111 11011011 111, 010010Ιο111 11111 1101110101101101, qui 0010 ‚VIL
11101 1001, 01001101111010 10 01 01110101 0011 par 10 01100110. 2Li
11101 10 0110111 0101111110 101, qul 1011010 00101 port 01 1010111,
0101 0011101011 il 01101 0101 101 0011, 0111001 00110 010 01010111,
11000111 1101010111 11110111 01110. Sim, 1100 0011010110 1010101110
mionz 01110111 plus 101 01 001 memor, et 01111011 totos 01 ’
11 1101 01 1010101, 111101 0011111011 1110111101 01101101, 01 1110010101
011, 10 il vos 11101111 3 ,,Ρ11101,“ 110111010101, ,1010110111 Α-
dont 0’ορ010111111011110100 01 1100001011 10 101011 asez 01 0011010111

0 11 110101 puis 1011111011 quem 10101110. Tanti portarentur .

et argent 01 10111011 011000010101110 01101 011110010111000110000,
1110110111οο 00 110110111011, 01 101 00 11011 0010 11110; 4 01111011
101 1010100101 010111 0110110 101011 01100 1111100 0110000 10111, 00111
11 101 plot, 01 1011 0111010111 011 10 101, 11100 mont 10010101101110
bovo 1011101 11010000, 00110 10101101, 001110 10111101, 001110 10 010
1011, 00110 10 1111, 00110 1011111100, 10111011100111101101100101
10 1101 0110101, 01111 1111101111 que 00101010101 que 1101 011100 choses,
411111 10 1111[49·] 1 0111101· 01110 1101. Et 11010100 11111 01 gover-
11011 11111101 001110 011, qui 0101 011 001011, 010111 01011 toz jors
111100 00 0110 on totos choses. 110111 10101101111011 010111, 111011
10101011010100111101011010, si 10 101 00101011 point 10111111.

· 2A 1011110 1110110111 010 1010011011, que li jors 0110111. La

10110 01101 1011101001οε 0010101101 01101001011000001, 110100 10
00 00010111 101111 10 1011101111οτ; 11010101 101· pria, que 010010 101-
111110111 0011010011, quar il 0011111011 bien 101101; 010111 1011101-
111101111110101. 8111110100 101011 111011 grant 1010111 10 dormit

011110 011, 01111010111011111, 111000 01011, 01 01011 puis 01 mont 10
⁴ 1

 

