72

1111 11111111, ,11111 1111111 go bien.“ Lors 11111111111111111,
1111111 li 111111 11111, 11 li pria, qu’il 11111111111 11111 111111 le
borjois 1 0111111111111, 11 111 li 1111111111, 1111111 1111111111
11 1111111111, 1111 que cist 111111 1111111111, 11 1111111 11111111
11111111. 3 ,1)1111,“ 11111111111,,1111111111; quar mont me
11111111 11 11111111111 1 11, quo 11 n’i 111111 1111111 1111.1
111111 111 li 1111111111 1111111 11 111110111111111111 1111111
11111111111111111, 111 1111111 li 11111111; 11 1111111111111,
4 111 11 111111 11 11111111, 111 1111 1111 11111 11 chevaliers. 111
111 quola 1111 1111. 11111111 111111 111 111 111111 11 111 1111
1 0111111111111 11111 11 borjois3 11 111111111111111111111 11111111
1111111111 11111 11 11 11111111 11111111 1111 111111111, 1111111
[61⁸] 1 1111111111111111111111111111111 11 1111111 il 111111,
11111 11111111, 1111 1111111111 111111, 111 11 1111111111 111
11111; 11 1111111 11111111 pas 11 1111111111, 11 111111 1111111-
res, 1111 11111111111111, li 111111111 11111111, 111111111 11111111
111111, quant 11 11 111 111111, quar 111 li 11111111 1131111 111111
1111111111111. 2 „Or 111 111111,ι 111111111111, ,11111111 111
111 11111 111111111 Δ 1111 11111111 11111111 11 1’111111111111
11 1111111111 111111 11111, qu'il 1111111111111, 111111
mist 111 1111, 1 111 11111 111111111111 111111, 11 111 111111
Β11,1111111 311111 11111 11 11111 11 lesa 11111 111111 111 11111
111 11111 111111111, 111 11 111111111ς 11 1111 11 111111111 1 111·
chier 1111111111 11 11111111111111 .Ι. 111111 111111 11 1111111
11111111 11111111 1111111 1111 111111. 411 11111111111111111
. 11 11 1111111 1111 1111111111 11111111 11 11 111111111111111111111
11 111111111 11 11 1111111 11 11 11111111, 11 11111111111 mie 11
chevalier 11 11111, qui alui 1111111111 nequi 11111111 Es 111
quola 111111 11 1111 11 111 111 11 11111111111111111111111 1111
1 11111111 11 li dist: ·,‚Sire, por quoi 11111 111 111 8111111111
1111111, 11111 11 111111111111, 1111 111 111111 11111, 11 1111
111111611]11111; 111111 1111 111111111111111, come 11 ferai mon
puoelaige!“ Li 1111111111 1111111 11111111 11111111, 1111111111
1111 1111111111111. ,8111ιι 1111111, ,111; 11111 111111 111, qui 11
11 111111 111 1111 1111111111 11 1111 111, quar ele n’i 1 111111, si
1111 11 11111; 11 11 noli 111111111 11111111111 1111 11111111, 111
111111111111 deservi.“ 2 „Seign0r‚“ 1111 1111111111, ,111
11111 1111; 11 1111111, 11111 n'i 1111111, 1111 1111111, qui 111

 

