¹ 9

18 1888 gent vivre 11 211888111818881 88, 81 n'i 8188181, qui poor
88881, 81 118188818 „Nos 18 188888 8818811888 81881.1 811881 188881
188 88888888 88818888 81881888. (188 8888188 8181888181888888818,
81 81888888, 888 88 88181188, 1881 [11] .VIl. saigo avolent 88818 8
888 8818888, 81188 8881111 monton he. 3118188888 888888, 88818
81 881881, 888881818881188818 181888 18888, 81 88888188 1888
11188 818 888818 888 8818888 81 il 1 81818188188 88 18 chambre

881881881888188188.“ 40888818888888818 8111888888888, 81188818 ' ¹

81 11818 ‚Sin-e, vos 88 888 18888 888181888888, 88 ge 8111118, quar
88888 188 111188 81881111881118, 81888 888888 188888 88881 ,1188881
11811188888888, ,888188 88, 8188 88 881 88881 11881 „Siraf
dist 818, ,88188 888 11 ,0881881888 81111 ,,8188,α 1181818, ,88 8888888
888; 8818888 8 888188 fillo .1. 188, 8188888811 18888 8888188111α
,1)8888,1 118111, ,8188111818ς; 88 11 dites, qn’ole 188888111 ,,8188,1
1181818, ,8818 1888818881 por li.“ ,Damnst dist li ememtes,
,88 88 18881 go 8818, 8888 88881 81818188881888, 818 [291] 18888.1
1,8188,1 1181 1888888818, ,88888 888188 grace, ge 18 181 18888188
88811, 81 8888 11881 por quoi: Vos 88888 bien, que quantu 88188
881 8888188881888, il 88 8881 maugier 1888 8181188 8818881881, 888
18 mere manjuoe por li, 81 18 18 substance 18 18 818818 vient li
188 88 888888188; 181 8818881 881 11 ; 8181 88188 81 88 punt parler 81
ge, qui 881 88 88888, 181 18888188 por li 81 11 88188 888 188188
888188 18 88, 888 go 8888888881.1 2 ,11888881 118111 8888888888 88
1888188188, ,881888818811 ,81881118811881888188188, ,811.“ „Et
ge l’otroi,“ 11111, „par 181, 81 888, 88 lamere 88881881818888, 1881
818 888 88118 88 88 1818 88888188, ja par 88818888 8’8888 188.1
,81881 1181181888, ,88818881 803 go vos 8888188, 8881881 quo
8881 81888 888888 8888881818, 888 888 88 888 18888 18 888188 siege
888188 881 888888881; 88188888888888111881888811 „Certes‚‘ 11881
1881888188188, ,811“. ,0881881 1181 li 8888888888, ,8188 881 88881
88888 818888, mos ge 1818881881, 188 888 ge 18188 88888881.1 318888
8888888 11 8888888888, 88 88818 888888181888811. Δ 1881 88 parti
de 18 chambre 188 18188 81 8181 88 18 8818 811888881188888, 888
88888181, 8881888818881818888188881. 11881 88 8888881118 11 888·
8888888, que 88 881, 8111 dist: ,11888888 888 8888 [30⁸] vos'? Vos
8818818188· 1 ,81881 118111888888, ,88888 8888888881, 811888-
888181ι ,Ρ88 181,1 118111 8888888888, ,881818811 81881 188888·
11888888 188888 18188818, 88888 88888 881 quana 188888, et

 

