7

11 111 11, 111111 111 1111111111 11 1111 ’11 11 11111. 3 (1111111
11111 11111 11111111, 11111111111111111111111111111111 11111111111,
dont 111 111111 11111 11111. Ele 11 11111 111 11111111 1 bien 1111
111 1111111111, 1111 11111 1111111111 1111111111 1111111111111111
1111 11 1111111111 1111111111, 1111 111 11 perte 111111111’11111111
111 1111111111 1111. 4 1111111111 plus 1111111, 111’111111111111
11 111111111 11 1111111111, 1111 111111111 .VII. 11111111111111111,
1111 il 1111111111111 11111 111’111111111; 11 11 111111111111111
1111111111111111111111111 .VII. 111111 11 111 11111111 11111111
1111111111 ,811111111111111 111111, 111 111111 11111111111 1111-
11111 costumas, 111 11111 (11111 1 11111111 1111111, 111111 .Ι. 111-
1111, 111111111128111111111111111111 11111111 1 ,8111111’1,1 111111 “
li 11111, ,1111 1111111111, puis 1111111111 1111111, 11111111 111
1111 dame 11 111 1111111, 11 1111111111 nos 1 1111111111.1 ,11111111
.V. .G. morclz!“ 2A 1111 111 1111111111 povres 1111 11 li .VH. 11111
1111111111 111 111 1111111111 11 11111111 1 11 1111 11 111111111111-
11111111111 obumbres 1 11 111111 11111111 111111111111111111-
11111. 3 11 1111111111111 111 1111 111111111; 11 111111 11111111
111 1111111111 111 1111 11 111 11111111111111 111. 4 Ceste chose
desplut mont 1 1111111111, 11 1111 111111 11111 11111111111 11 11
11111, 111 11111 11111111 1111111111 11111. 5 111 11111 virent, qu’il
n’estoit 111 1111 111 parler 1 111 11 11, 111 11111111111, devant 11
11111; 11 11111111111111111111 111 1111 1111 distrent: ,8111 11111
1111111 11111 11111111 1111111 111111111111 11111111 1111111 11

11111111 1 1111111111111111111 6,8111111,“ 111111, ,111111111111
1111111111 01111111 por 111 111 111111 „Siro, 11111111111111
11 11111, 11 111111 111111 1111 tornoz 1 11111 11 111 11111 1111111;
1111 111 1111111111 1111111111111111 1 11111, 1111111111 1111
1111111, 111111111111 1111 devenir 1111, 1111 11 1111 11 1111
1111111 11111111 1111 11111 111111. 7 1111 11111 1111111111, 1111

111 1111111111111111111111 11 11 1111111 111111 seme ovrer; 11
111 11111 111, 11 11 11 111 11, 111111 111 1111 11111 de 11111 11
111111111 1111111111 1111 [29⁵] 1111111111 1111111, 11111 11 111
111111, 11 respondi 11111 111111111111 11 dist: ,81111111 11 1111
111 chose, 111 111111 hom 11 (11111111, 11111111111111111111111-
11111 1 111111 111, 1111 11 11111111 estre, 111111 1111111111111
11111 111111.1 2.„Sire‚“ 11111111, ,11111 mereim, 11111 11111
111111 1111111111. Anos 1111 11111 11111 1111 merei 11111111

 

