98

Abai 10 11011188. 111080 4308011888 118808 1818881011811810-
88188 18 Ρ818 8881 81811101 88 018018181118181Ρο1808188“, 181-
8801 88 01801, 118181 1180811881, 118 11181 Β1110 10 10 Ρ181101 8881
110 11011 1888118181118181110810; 11088 4 818811 110 1111801118118108ι
astet 8881 101018810118 Ρο18. ’
Da 888 11080 4 308011088 8810181088 111811Ρο188818 18 Ρο18
11108108, 18 81101088 1182 811 namen 1110101 Ρ8011 8881118110
’ 80188018111811088, 188 810 0811101 1011 1118880111 warenn ; 8881
110 88810108 81108 11801110 888108308810, 110 8888088 880110
1080811 8881 181088 308 111888 8883818881οη 80 0818110883 01810
381 1101 8881 nam 81818881088180881108811181108“ 1011181088, 810
118 88011 30818118011 im 188811 Rio do 10 Ρ18118 8881 1888811101
18111801, 188 888 11080 8011 woll 018181110818881 881810811180-
tiron, auch 801088011101 ydem 20001808108. 08188011 1018101
10101 3810188101 1018 Ν801110801811108, 01 8011 8018018 1188811888
8011101108, 18811 81 8118 pey deun Marchkaysies 1811108 1101011
59 8811 8101110108 Ι 108018111 [10181381 1101 8011011118οη 810118 80801,
80011188, 1088 was vonn spois [18 88101, 1888 8118808108 woll,
188 811181 pey innon 1011888108 80111; weil sie 01808 8888101
10 8881101808813 881 881181110813 warenn, 18111088 wir ineu 101-
11811088 810118 1188.
So warte aber 11080 108 3818881018 post 88181803088 1088

*

(10181011 8811101 88111030 (1011108 1188011100 (1. 60) und 10811811 38110
11811 118110 11552).

l Ρο1081. Die 8110118 110808 nameus in 101 110180118888180110 181
Ρο81οο81 (1811088179). 2 08800. Der 88810 dieser 81811 11111
1088811881 1108110881, 0180831811 81188130801111101010118 01808,
8130101101 (Β101181, Das 1811810101. 1088 1881. 8. 080.) 311818
8018181101 181 0181818808 30180181, 188808Ρ8110101818108 88101
1081888108 01818118 18Ρ18183031118101, 8111101 81018801018881 18
101 81118 301030888 181188180108 0110 8181088881 118110. 18 diesem
18110 8110 8110111838 110 10110810130 101 von 10138888118011811 be·
88011108 811110 8811011113 883030108, 18 88880181 1011181118 81881011
018181880881011101881ς 818 00101101 1111881 8011088 8018111018, 101 (118-
8081018810110111888 11081108 (811101188308 8011118108 188810, 181 jedoeh
1181801118 1811311011 38110808. 4811801081, 80188181. 51111. 810
118108 81011 wnhrseheinlieh 1811830881108118308, 1018 10111881101108
1011110188388111101 1811818811101088081 881 101 81108 1808811808180131.
Ρο801101-11830, 0088110110101011118810 8. 284). 6111. nach 81108
801108 hin.

 

