556 (1111513553) 57.
5515515155 40. 47. 56. 57.

5515155115155555111551) 13. 38.

(551555) 55115555 44. 55115555 47.
56. 55115555 47.

551555 35. 51. 57. 60. 55155155
55. 15 5515511539. 57.

(pez 555565) pes 555565 4. 5555115
55515555.

(551 515115) 5505 650515 4. 65
55115 5555115 66.

515115 29,

51511 9. 10. 18. 33. 40. 52.

pferd 6. 7. 28. 31. 32. 48. 49. 55.
51151155.

5115128.

Ι 51511 511155,

(5155155115) 515555115 36. 38. 50.

151511) 111511 99.

5151155 5. 115151155.

515565155111 36. 67 68.

55651, 55115155 5. 1151515.

55115 (115155) 4. 13. 28. 65 ff.

555158. (5551111511) 55. 59. (551116)
48. 5515551515 66.

5155556515518.

(presidente) presente 57.

515511311511 e. 5155111511.

51155151 23. 24. .

511551551151151. 46. 48. adj. 58.

515155123.

(5151556151) promedieren 65.

515551115515117.

(51515165) 5151115115 59.

(51511551)51515512. 4. 9. 10. 17.
19 6.

51535141. 43.

5155551511 1. 1115151515.

(5115111515) 5111115111 20.

rapiet 17. 25. 54.
15118. 14.
15115515115 45.
1551111555 64.
15511555 (11511511) 90.

8511511651.

145

1551155 65. 15511511 64.

15315155 26. 29. 41. 60 ff.

1531155111(5165553) 39. 41.

15151151561 58.

1515 (351151655111 26.

1515 (1111535153) 1. 9. 11. 14. 22. 30 ff.
(15155) 671115 69.

151555 (15151651151155) 17.

15151515 (151513) 17. 57.

15151155 9. 29. 30. 33. 39. 52 ff.

(remedio) remedi 27. 50.

(1515515) sumere 66.

155151515151 41.

15551115155 47.

(1555551) 1555515155 50.

(155551) 15551151 11.

(1555515) 155551141.

115555 (51511 11511155 155555) 57.
11115143.

15511 11.

(156515) 1565115 56. 1565115 44.
rogen 33.

1511110. 1611115111 56.

151148. 49.

11111155 (615055) 33,

1551515613 41.

555111 115511 5. 11515 17. 21 1115 24.
3243. 44. 59. 60. 68.

· (55515155.

5511555515 22.

salz 56.

(535151111511) 551555111511 18. 26. 40.
55.

(55566511) 57.

(15515150) 55151511 49.

55115152. 56. 156155155155 12. 16.
20. 21. 35. 49. 51.

5511116511 (1151511155) 49. 67.

551511551140. 50. 63.

5511511551 85.

5515513155511 17. 5511551315115 45.

10

 

