79

111111 11111111111111. (11111111 111 sentirent venir, 1111111111111
11 111111111111 111111111 11111 apres. 4111111111 1111111111
1111 grant 11 1111 11 11111111111 1111 11 .V. 1111111111111 .X.
11 11 11111111’11111111111; 111 111 parfia en 1111111111111111
11 111, quant 11111111 descendi (111 1111, 11111 .ΙΙ. 111111. 11111,
qu'il 1111111 11 11 1111111, 11 quant il 1111 1111 11 111, [640] l
111 11 111 11111 11 large, 111 1111111 (111111 111 11111111 1111
.1111. par 1111111111111111111111111, 1 111 il ot rompuz 11
braz 11 jambos. 11 quant li 11111 11111111, 11 111111111 11111111
111111111111111111 tmsqu'a 111111; 1111111111 11 11 111-
1111111111 1111111111111111111111 211 111 11111111 11 1111
11111 1111 11 puis 1’11 11111111111 11 11111111 111 huis 11 gons
11111111111 parmi 11 11111111111111 11 111111 11 11111 111111
1111111 1111111111. 111 parolus 11111111 1 1111111111, 111 11
11111 1111 1111111111 11111111111, 1111111 111111111111, 111
1111111, 11 11 11111111111111 11 111111 11111111111111111111,
11 111 111 11111 dist pas, que 1111 1111 1111 1111111, 1111 11111111
1111 1111111111 pris, 1111111111111 11111, 11 mis 11 prison,
11 1 111111 1111, 111 11 111111111111111. 011111111 11 .VlI. saige
11 11111111 1 1111111111, 111 11 11111111 1111 11 jor 11 111111
Romo, 111111111111 11 11111111 11 1’1111111; 4 11 11 11 111111 11
111111 1111 1 Rome 11111111 11 11111. 11 1111111111 111 1111111,
11111111111111111111 puis oi parler 111 11111111, 11 11111
11111111111111111 111; 11 11 111111 11111111, 111 11111 1111111111
11111111, 1111111111111. (1111111111111111 oi 11, [64⁶] lsi
11111111 1 ploret 11 dist: „Marques‚ 1111 1111 1 111111.1

11111 1111111 111111 1 parler 1111111 ,11111111111111 1111-
1111 111111 1111111111, 11 plus il 11 11111111, 111 111111 1111·
1111111 il 111 1 111, 1111 111111111111111, 111111 1111111, qu'il
111111 111, 11 que il soit; 2 111 11 111 111111 1’11111111,,1ςο 11
1111111111 111111111111.“ ,81111 111111 1111111111, „ge 11 111
1111, 1111 1111 11111, por quoi go 1 111111 11 11111111 vivant, 111
1111111111111 111111 111111.1 ,8111,“ 1111111111, ,111 11111
11,11111111111 111111 Δ 111111 111111111 11111111 1111111111,
111 li empereres 111111111 11111 1111111 11 111111 11111 11
1111. 311111111111 11111111 111 111111 11111 111. 11 .VII.
1111111111111 11 1111111111111111 11 1111 11111. 111111
111 1111111111 11111 111 1111111111111 111111 11111 1111111111.

6⁸

 

