94

616’6616666661666661 66161 16 grant 66616; 11 166 661661 6616666
66 6166666 6616166, 6166 161166666 66 1161 6611666 61116666616666,
mes 11 11661666 16 61 1666, 66’1166661616616166; 316166 66166 66666
11 1661661166 166666; 61 11666666 1666661 jus, 61 166616116 11616
6 XXX. chevaliers, 661 16 66666661 66 16 6116. 11666666 661111
666666 16616166 61, 6166616 6611 661661 61616166 66 66161666, 66661
11 .IIII. 6666 166666 666666 6666, 66 666666 666 66 66 666661
6616. 4 (1666111666666 611 6616 161616 gent, 61 66 mist el 66166,
666611 611, 666 16 1666666 66 11 661611 666 bone, 61 6666161666-
611661166 66666666 666616 6116. 11666111 61666 16 1166166 61166,
616616 mont 16166, 61 brocha 16 6116661 166 66666666 61 66 prist
6 6661666166, mes 11 661611 61 bien montez, qu'il esloigne 66 gent
plus d’une 66161661666 61666616 6 haute voiz: [72⁸] 1 ,17666666
661 6166166 66666, 6666 6616666611 11666666 66666161661666 661,
61 16611 6666 gent, qu'il 66 66666, 666 166616 11 666611, 6116661611
666661666; il 6’6616661616661 16 grant 616; 1161666161661661661666
66 16666, 2 quar trop estoit 1666 11 11661666, 666116666666166616ς
6111666666 16 1661 61, 6611 11 66666 16666 61 1611661661 6116666161
parmi 16 cors, 61 6661616666 1 66166 1666661166 poing; 61611 61661
666616 1666; 61 11666666 6666116 6116661 666 166 666666 6116666
16666; 166 portes 1616 6116166661 6666166, 6166166 11666666 666
6111611616 66 16666166. 3 cil, 661 166 666166661661, 66166661
666616 6166 6616666, 6611 66661 16666 mort, 61 66 66666661 grant
duel 6116 ponerent as tentes.

11666111 6616 16 16166 661, 666 11 61666 16166166 estoit 6666
6111 166 1Ἀ161666 6616, 61 66 16 16661 161666 61611, 6611 616616
661161 grant perte 666666 16 66 gent 61 16 66666 6116666, 666 ju
mes par lui 66 666611 66616666. 4 Et 11666666 16 661666 66 16 6116
61611, 6611 6’61 666666 66616, 6166 61 6666 6666616, 61 66 ot 66661
joie. Quo vos 16616 ge 66616611 Li* j0rs 161661666616 61616111
161666666661666611666 61 66661 messe 616. Les noveles lor 616-
16661, 666 611 161661 666166166611 6616 61661 1661166616. Ε6 666
66611666666 66166 66 16 66166111 166 11161666 6 161 61 grant
eompaignie 16 barone 66166161. [72¹³] 1 11666666 6’66 6161166661
166 ,11666666666611161ι ,8616666 66666 6661 6661166166 6666
66161, 6616661166616 66161 Li empereor 666661, 666 66 66161111
166 1Ἀ161666, 61 661666616661116 61 66 666616666116 66666161
mont 61 66666166661, 66611 166 1661 1166 garda par 61, 6611

 

