8'0

1101110110101, qui 11001 1101110 0001 0110 001111111101, qu'elc
011010, s'est levez 00 estant 01 1011010 11 011010 etsist: 4 ,8110
0110010101 01101, 101010111101, 01101101 mci! 1111000101, 010
ge 101 01 1010101110 001 11 queste 161 10100111, 01 gc 010011 11011
cs 0111 0011111011, 10 11110001 0011 010001 0110 01 0111, 0011 000
1110001101. Il me distrent, 00010111000001110101111 ricus,
' 1061 n'evcit gueres, 000 .I. chevaliers i 11011 0110, [65·] 1 101111
10 11101001 10 101;-111’11011001010 10100, 1010010, 1011101110.
l’cmpereriz, (000 1111010 1010 010 000001); 01 0011011011 chevaliers
1101 101101, 000 1010010111 11 11011111111061, 01 101011 cez letrcs
111100110 10001 10101101110 11001, 116111 clers, 001 1116101 111,
perdi 11 011010 01 1101111011101101101, 01011, 001 0011001101 11011,
101101110101001101111ς2111’101010101100,00011111011
1111011 0101110 61 1011011161, 001 1 01101011. 1011011 111001 01
10111, 11 00111011 010 001110010011111101, qu'il 10101111 1101
161 101101. Le 011010101111 11 01010 01 1111 11 100 0110 111011
00, 000 11 01 100 01101101. 3 1110111111110 10 0101111010 grant
011011 10 gent, mes il 10 001111011 61 100 101011, 11 000 010101
0011 1’01 01101110 101110 1010. 0101010101, dist mestres 111101,
01 1011 00 000 11 chevaliers 1011 01011001, 10161 10101 10 1011011 11
011 01 1010010111, 000 11101011 10111011 ; 41010101, 011111 0110
1010010111 101 101001111, 00010100011101111011, 000 00 011011
11; 01 101 1011 00110 11 beron 16 ceste 1110 10 virent aler icer ss
01111 10 j0r, 0011 10 001101, 101 1011011 11011 160101 1011111110
1001101 101 ,1, 01101101 11010 01 .Ι. 010101101 101101 0011ος 0110
l'empercriz estoit 1010, qu’ele 0111100 1010101, XX. chevalier 10
ma [65b] 1 compeignie, qui 0 1101 01101011, 10 1011010ηο1011, etse
0111 1011010001 10 me 1101 1101, 011 101 0111 10 1611010161011ς 01
10 101 0016 me 10111, gc 101 0101 10 1011101 001110 .L 10110 0011
10011, 101 1010 ge 11001 61110101, 000 0111101110110010111 0110;
11 1011000101οοωο 1010101, 000101 101 teigniez 1 1101101 iacies
11011 16 00110 01010.“

2 Quart 11 0110610101 01 061 0110101 0101, 11 regist 101011
111011 01 regards l'empereriz 01 11 1111011 1100111111 ire: ,1)1110,
1161 101 101 0011 11011* 3 „Sir-c, nenil',“ 1111010, ,10110101Ι js!
Ainz le 101110 moute 01111, 0011 ge 11011 11001 10 1010011110
10011101, mes 10 11011101 101101 001110010 010101 101 1101, 010 il
10 10110, 000016 1’0110111111001101 loier; 411111 1101, 001 0101

 

