101

1000101100 010110 00 000 0100, quanli 111000 1 00101 ,81101
11011110100, ,10100110101 A 1001 0’00 11011010 Gestentinoble 01
00110 00 10 1110 stne ceses, tent 0011 1101 101001 1011001001 01
dist: ,010, 0110100 0110101010101110 des .Π. chevaliers, 00 100
mande mes sires, 01101 00101 0000110100ωο 100 101010 10 100110
10100011100110 100110 cers [751] 1 100110110, 111010 1010011010
del sien 0010 01101000001010; 0101 garten, 00 100 1000100100
sires, 00011 100110 chevaliers 0011100 0100 1001010 bien 010110 00
000 0100 00110101011101010, 0001 li siens i 001ος 01010011011
mont volentiers mes sires, 001 11 chevaliers 0010, 001 000110 10

’ 000010110101.““2 ,Ρο1 1011110111 0110010100, ,010010 mnes

de 01000010 01 10 001100 0011000, 00111 stra, 01 01 00 00110100
10000 0 100 001000111

110 10100 0010 00 1101001 11 101οο 01 10 (1011001100110 0110
Rome, 0100 10 .ΧΧΧ. 00 000 1010, 01 0’00 vincirent 101001 100100-
1001, 1011 01001 01000000 endroit 001 10 1010 10 10101110. 3 Qnent
li messsigesvit 00, 01 hist: ,1100010 n’en voi ge cinni, 001 0
Ρο1001, 10 11010 00 101 10 11100, 011 jn duree.“ annt 011 011001
10 Ρο1001 001101 01 000 ce estoit 011, 001 10 10101110 101011 1010,
01 01 01 00101, 001 10 tremblest 10 0001, 01 00 10101001 1011 000011.
hors 1101 1000010100101100100 0010110 Gostsntlnoble: 4 ,000100
01 0 10001000 00010 1011 0101 .XL. n’cnt 000 10 0001 d'nn heme;
01001 1010101001 0110 0001 10 Ρο1001, 00001 11 00 101001 1001 10
000.1 Adont peris li 0010010100 10 (1001001100110 01 mist 0100οο
ses 101000 01 1101; ,11010000 0 1100110100, 00110101011101001110
10101 8001100, 000 [75⁰] l cil 001101010, 00 diens l'en 10010100 0
10001, 1 0110 01001 D’entre 0011 100 10000 10 moi 100 100100 01
100 100, 0100 me 1011100 mie 1011111 0 mon besolng.“ 00000001
0100101 100 101000, 001 00 101001001 ceste chose emprendre, 0100
00 1010101001001 100101110101 00011101 10010001010 10010, 1001
1010100111 Ρο1001. 2 Apros 00110 11 0100010100 10 Reme et smoncste
10 0000 gent 01 dist: ,8010000 011100 0 mon cosin 0 000101010001
01, 000 011 001 10 10101110 0100100110, 10110 0100 01010001, 00011
00 00100, etii 101101 1010 10 rente 1011000010 .11. 000 01 ce, 001
0 10100110 000011ιι 000000 01 0100101 1001010οε, 001 1010101110
00001 0010100110 001001 001 01000000 0010, 3 0100 00100001 0100-
enne 10111 .I. 100 membres, 1001001011 Ρο1000 sieten.

Quent 11 001001οο1 111001, 000 1011 101 home 101 101001 laihi,

 

