35

(161 50 6661611166 6161611 161 (1611 161 6111661111 in 166 111111
11111161, 1611 6611611111 1611611 gesagt.

(14) Inn diesem 16611611 1116161 wir 4jher lang ¹. Aber
111661 61161 61616161 1161611161 11611 Pietro 1111116666, 161161
6611661161 116161 16111 16611611 11161 kunde 1111611 116661 161116
4000 1166161 in 161611 gele verzert², 116611 111 1611611611 (11111
in 1166611 1661161 6161161 1111 161 wieder 1111 2 11161161 11616116-
116166 111 Bonas Ayers 11 1611 4 3166661 66116161 [und 16116
61116 11161 grosse 661111] sempe 10 man 1111 111 1661 Η16161161.
Aber 16 61· 111161611161 661 halben weg 11616, 16 grief 11 (1611.ιο
161 6111661116 61, 166 61 61166111 616111. (1611661 im genedig.

Er verliess⁴ 6161, 616 61 1611111111 611616611, 61616116116161 ·
116 6611611 11 1116161161 161161, 661161 2 611616 1661 Rio della
Plette geschiekht werden, welches 61 6161 ) in 6611611 1661611611 12
11611161 16161161 6111 1666161611 161. 1161111161 16 die 2 6611611 11ι6

Hispania 6111111161 6111 6616166 1611161. [1111611 1611166661

1 11611616 16116 die 6161611611, welche er 1113611616 1611111166
1631111161 16116, Corpus 0111611 genennt, 11616161 name 61116111 Β1616
1611616116 1136111611111116. De Schmidel die 1111611611, wo dieses
1611 engelegt 111116, 616 11661 1616161161, 66 1113 66 61 einer stelle
11 6161611 6611, 116 (1611616111 6161 11 11611616 61116 16111, 11161111
1111661161 161 16111361 61111161 1611611 111 11616116 (1611611 161,
auf 1616161666 6161 (116 angegebenen entfernungen 1111161661 [Bur.
meister 6143). -Wie 616 161 1616161111 661 1. 26 61616111161 161,
111116 Corpus Christi 661161 1538 1116161 6116636161. 1 1161-
dom 16116 6611611611 in 6116111611161 mit der 111616 (uniente 1611
21 Mai 1534) 6161 16111161161, (166 1116161161 6661 dem Rio 16 16
11661661 61361616611113 61611111161, und 6161 1161161 116116 61616-
111361, 616 (116 611611136 11111118 111 116 1661611163 616 61611161161
(6161611616) 11 161 16161 11616116 1111611611 1611361611 161 2000 11-
keten. welche 6111116 161 (16161 6111111161 1661111161 1161161 661116
111611 (16111616 (166 11111616 11111161 (quinta) zugeeiehert 111116 ’(Β11-
11616161 6. 20. 11611161611 616). Die 16116161636161 geben 11111
gens 116166161166 111611611616 66110000 11116161 an. 3111111-
1611 16166616111 6161116 6161 (161 hunger ein, 66 166611611616 6161
36111111 661, 661161 1161111361111 6611661161 11166661, 616161 166661
161661 zu leben. Β611 16611611 61 16666116 3616666116116, 1611161
61 in einen 611611 1611666161, 116161 611661 1116116361 61611). 111611
116, (1616161111111 1611 1616616 166 111166 6061, 3611616111 1161-
6611611161611611 6161161 61 (166661 folgen (1116161616. 33). 4
1611611611 66 1161 616 1616116161.

3*

 

