22

6666666666666661666666611, 666 666 16666616 661 66616.ιι 2.,Β166
661,“ 1616666166, ,666 666 66666ι; 666 16 66166 (16666 6661166
61 66616166 666 saige3 666 666166, 666 666 66 16 6111166166 mie,

quar 6’661 6166 161 6166666 161666166 6111 16166 16 66 66616 166161
6661116 6666166611166 66 666, 666611 666616 161 6166 6 66161
6666661, 661 66166 6661661 66 66 66 6661; 6166666166 1616 661661,
666 611, 661 666166166161166, 3 6611666166166 11666 1661666, 666
66 661166 6661; 61 611, 661 16 666666161661666661, 6611666166166
11666 16 6661 666616 61 ’661 6666 6166661166 61 161666 66 6661 616616,
666 11 666661 16 joie 16166166616616. Or vos 11661, 666666 feroit:
4111616616 661 6666611166 611666 611 6 61661 16 66666 gent, 616611
6661 616661616166 6166 666116 mortli 6666661 11666666661166
66666666 66616666, 666 666 16666 66611 6166666, 166 661 16616 61
666166166, 6666 li 61616 6’66 66616616661661[361] 1 6111 666166 66161661
616666 61 66 portoient 16 16661 61661 66166661661 1166666, 6611166
166 16161; mes 66 666 16661666 66 6166116 61 6111616616 16 1666 ct,
666 11666 6666616, ja 11 66666 66661, 6666116161, 1661 666661
661666 6661 6616. 2 1166166 66616666 166 1611666, 66666166 61666
661 666616, 661 6661 61661166 6116666166 6166666, 666 66661161
16666ς 166166 66616666166 6166616166, 661 66666611166 666 666
1611666, 661 6661666666166611661661166666116616, 661 61661
6666161661ιι 3 „Des prestres‚“ 116111666666666, ,666 166166 66166,
¹ quar 66 66611666 666661166666 6666, 66661116661 .I. pou 66 166661ι
,81661 66 1161 li 666661666, ,66666 666166 grate, 6166616 66 1611
1661166666166. Doit l’en 166166 61166661 6166 66161, 661 6166666
. jor 11661 66 666 666166 66161, 66116116666166666616661 Et 61
661661, 6611 6666111666, 6666111 661.Ι. 6611166166, 666111 droit
1616 61661666166; 616611666616616666666.“ 41666 66 6661 11
666666666 6666166 61 dist: ,116666661166661 recort.“ Lors 6666661
11666666 16 666616 61 dist: ,1)’6616666616666166 6666666, 661 tote
jor sont 66166 666, 6611 n'ont 16 6661 616666 6616166166. D'autre
part 6666 166 666666 [3611 6666166, 661166116116 1161666666, 6666
6166 666116 6661 6166 66661661 Ε166661666666661661666, 661 tunt
661 661666 61 66661666 61 66666616616166616161616, 6611 6661166661
6616666166 uis. Veez les povres 6666611666, 661 61666666661
6661 666611666 61 61 66111 666166166616661 2 Tot 66 6666 666 grant
1666 666, 666666 6 61666 66 666 66 16; 66 61 66616, 666 666 16-

 

