41

(111111111111, 11111 1111111 1 1111, 11111111 XXX. 111111
11111; 11111 11111 .X. 11 grant chemin 11 .X. 1111111111 .X. 11
1111111111111111, que 111111111111, 11111 111111111111111 11,
1111 si 11111 1111111111*

211111111111111 1111111111 111111111- 11 11 11111, qu’il
11111111111, 11111111, 111 .Π1. 11111 ; 11 11 11111111 1111 1111 11
1111 1111111111111111, 11 11 11111111 1111111111111 111111
111111111111111111111111; 3111111111, qu'il 1111 111111
1111111 111111 1111 11111 1 11, qu’il vit l'eve 1111111111, 11 1 11,
(1111111111111111111111111. 11111111 11 11111 1 11111111, 1111
1111111111 111111, 111 11111 1111111 11111. 1111 li 11111111,
(111 1111111111 111111 11111 .X. 111 111111, 1111111111 11111111
4 ,,Ρ1111111 11111111 Ja 11 1111 il 111 .Χ.“ 11111 11 11111,
qu’il 111111111111 11111 11 il estoit 111 11111, 1111111111111111
111 1111111111 1111 11 grant 11111111; 11 11 1111111 11111111111111
1111111111111, 1111111111 11111111111111 11111, 111 111 graignor
que 11 large [45⁶] 1 111 111111, 11 1111111 1111 111111111, 111
11111111111111111111111 1111111111, 1111 111 111111 111111 11
11111111111111111 111 1111111111111 11111111111111. 11111 11
1111111111 11111111, que 11111111111. 11 11111111 11111111111 11
111111, 11 il vit 111111, 111111111111111111111 11111 2 11111111
,1. grant huis 111 1111111 11111111111 1111111111; 11 111111 11111
1111111111. 11111111 11111, 111 1111111111 111111, 1’111’111111111
111 111111111, 111111 1111111111. 11111 1111111 1111111 1111111
11 11111 111111 111 1 111. Il 11 fu galren 111111, 1111111111 111
gram 1111 1111 1 11111, 3 11 111 11 111111 mont 11111111111111
11 .v111. 1111111111 11111, (11111111111111111111111 11 11 111111
111111111111111111 1111111111 111 111, 111111 111 1111111111
111111111111111111111 1111. Α 1111 111 11111 1111111111
1111111111 11111 11111111 grana robes et 111111111111111111111-
111111111111111111111111. 4 01111111 1111111111 11111111 virent

11111, 111111 11 11111111111, 11 111111111111111111 11111111111
, 11 111 1111, quant 11 11111 111111111111 „sim por 1111, qui 11111
11111 ,,1)1111,“ 111111111111, ,11111 1111111 11 1111, 111111 sui
11111111, 1111 1111111111 11111 111.“ ,111111ι 1111 [46¹] 1 111,
,1111111111111111111111 1111, quar 111111 1’11 11111 111;
111111 11111, 1111 111 11 1111, (111111 111 111111111111, 111 11111
11111 11111 11111111111· ,,1)1111,“ 111111111111, ,,11111111, 1111

 

