11

11111; 111111 1111111 1111 111 1111111Ρ1111ο1 1111 11111111 zum
khfinig, 11 1111 111111 111111. 011 11 wir 111111 1111111111
11111111, 11 111111 111 11111111 1111 1111 81111111 1111 111111111
mit 12000 mann oder 111 mer 111 11111 1111 in 1111111 11111. Dor
weg, 11111 111 1111111, war 11111 81111111, 1111111 weg 111 iiber-⁶
111111 11111111 11111111111111111111 1111111111111111111111111,
also das 1111 111 1111111 11111, 1111 111111111111111111111111;
1111 111 111 111111 1111 11111111111 im, gleioh 1111111 111 111
1111111111; 11111111 111 111111 11111111, 111 1111 1111111 11111-
1111 1111111 111111111 111111111111111111 11111111 1111111111 1⁰
11111111 111 1111111111111111130111111111 1111 201111111111111’
111111111’; 1111111 111 1111111 1111111111111111111111. 111
1111111 gar 11 11111 11111111 1111111111, 11111 1111111111 1111111
2 0111111111 11 11111111111111 111111111111] 111111111 1111111
111111 11111111 11111111111111111 1111111; 11111111 111111111 11111
81111111 111111 111111 111111111111, 111 111 11111111111111111
gebenn. Also 1111111111111111 1111111 1111111 wie der 11111
‚herr im lannt; 1111 111111 111 11111111 111111, 11111 11111111111-
1111 111, 1111111 1111111111 111 1111111 111 111 1111111111 111111-
111111 111 im 1111111, 1111111111111111 11111111111111111111-11
1111111 111 011111111 ganuz 1111111111, 111 11111 11111 111111
111111 111111 111111111.

Dis 111111 1111111111111181111111, 1111111 111 [34] 1111 ge-
11111. 11111 1111111111111111111111111 1111 11111111 gar subtil
wie 111 11111“, 111111 111 11111111111111 1111111111)1 111111, 11111
1111111111, 1111111111, 1111111111 11111, 1111111 1111111111. In
111111 1111111 11111111 111, 111111 kalt ist, 111111111111111,111111
111 11111 11 111111111 111111 1111 1111111. 111111 111111 11111
sehr 111111 1111 111111111111, 11111111111111 11111111 hizig
111 1111, 111 11111 1111111111. 11

1 01111 1111111111 11111 eine eigentflmliche anlehnung 11 111 111-
1111111 11111111 oder 11111111111111111 11111111. Es 11111111· 1111111·
1111, dm 111 editio 11111111 eine 11111113 in ,11111111111111“ vorge-
111111111 111, um 111 11111111111111111111111111111111111111111111-
1111111 11 111111. 2 Diss 111111111111111111111111 111 1111111111·
11111111 11111011 (rhea 1111111111). Die 11111111111111 hier ,111111·,
11111111111111111111111111111111 111 ,111111 1111111111, welch 11111111
form 111111 11111111 11111111 1111111111 1111111111 11111. 3 1111111
111111 in 111· Ρ11111111 11111111 1111, 11111111 11111.

5*

 

