27

210000000οο10100010110000010000001010010101001010100011000010
- 10001011 00 001000 0100100001001000000 ,1. 01000110 1000110 00100
00 000 01010101 000 0000001000 10 0010 01000 000 0010010 00 00
00001 101 00100 100100 000100.1 (1100000001οε 1000000 1010010 01001.
310 1000 00011 101 00001000 0000010 100 bien 00110 01 00011 quis
01000000 0100000010000 0100 0011 0100 1 00000011; 010100 1101000100·
000010111000 0 01000000 000 0100001 01 1000000100ος 0010110000-
00000 00 01 0111 000001000 101 0001 0000 011, qui 00 0’00 0000011
garde 10 1001000 0010. 4 Li baron 001001100 00000001001001 100
01000000 00 010100 01 0001001100 00000010000 00 001010000 01001010-
guent 1000101 10 100 01 10000111 00100 000010 000 table. L'empereriz
,101 00101010 10000101 01100000101000001101001000010001. 11 baron
01010001100 00100 1001000 000 10 10000101, 11 000 00000100100, 01
1000000010 [381] 1 100 100011101010110 1’00000; 001011000000000
1 010110 0000, 1001 000 00 0101 00 00000101. 11000001000101010
0001 01 001 bien, qu’ele 00 1000011000 10 0100 0000, 101 0001 010
1001 00010 0101, 01 001001100010 00100001, 001100001, 0001100 00000,
que 11 00100 100 1001001001 0 0100, 00 11100 000 100010011. 2 Il
00 0101 10110100 1100 01001 10001001001000001010000101. 000
0110 1000 00, 00010 0000011, 01 01 0001 grant joie 00 000 0000
01 00 00000, 000, 0001010111011, 010 01000000000111000ος 01001000
1000100000, 0100 haut qu'ele n’avolt 00 001000 101. Li 0000010000
10 1010 0001, 3 01 regards 10 0000 100000100, 1001 0011 011 10
1000010001 00010, 01 1100001010 0 001 000 001ος0 1000000010 1001
01 10000101, 01 000 1000001 00100 010100 00000 010100; quant 010
011, qu’ele ot 101111, 01 000100001010100 0 001 100000 000 1001010
0000110 0110101010110101 00 10000101, 00010 00 10 0010000000
000010.

41100011 000000000 01 11 baron 00100 000, 01 0000011011
000 0 1000000010 10 1001100 0100 10 000 1010 0 1000000οο quant
01000, ‘sinz n‘i 01 00101, 00101 00101000010. 11001 10 10 1000
0100100100 01 00110100 01 1000100ος 001 01 00011 000010, 01 1 00011,
1001 (001010 10 01 0100000, qu’ele 00 00011 0 001 10000 00 010

00 [39·] 1 0010. Α 100110 0000010 11 000000000 0 00100 0010
101010, 1001000011 baron 10000001100100. 110010010100111 000000000
0111100000 1010 01 0000010 10 00, 000 1000000010 00011 101. 111 11000000
001001011 00 1000010000 01 dist: ,11011000 000 000001, qui 00101000
000000· 10 10011 00010111 1000 100001ι 011001111010001111000000,

 

