XLIII

5 3111 (11101010110111); 6 3314 (0111010160 qui sont); 7 4911
(01 11111111 111); 8 5114 (1010 1110 11101111).

VI. GVJ 11111111 1111101111ου11 von den iibrigen handschriftenl:

1 2812 (11 que s'Il empiroit .X. 111100); 2 3312 (11100 ’
genuen et); 3 3314 (00 110 dolor 101110); 4 3611 (qui 11 0011011111
0110101001), 5 3813 ((1’11111011); 6 3812 1111011 (10(110111 (11111
1011011).

VH. GVOAJ haben 15111010161011 NP:

1 2714 (11101 (01111 1111011); 2 2816 (assis 01); 3 2812 partirent
(11111 1111111111); 4 2914 (0100111), 5 2913 (11000011), 6 3014
(1011011111); 7 3111 (0110110110111); 8 3113 (01’111110111111111);
9 7514 (et que ge 11111101); 10 8711 (qui 11 parole 011111
0111011110); 11 9111 (se 11111011110011101111111111001101οω GVJG).

Handschrift Q

10111111 11011 1111111111 1111011111011, 00 2717 ¹, 2715, 2811, 2802,
2913, 3015, 8114, 3113, 3211, 6213, 6214, 3514, 8614, 3611, 3814,
3813, 3914, 4012, 4013, 4011, 4013, 4113 (1501110111 100111000101
1 veura et tout 11 00111ρο1111011. Lors 1111110111011111 1001011 011
11100110011110111, 11 101 dist: 1111110 1111111101· 11010 moi 01 11000 100
dames de 80111111) (01 1111111111), 4113, 4212, 4213,
4311, 4413, 4411, 4512, 4514, 4511, 4514, 4513, 4611, 4614, 4611,
4612, 4614, 4711, 4712, 4813, 4814, 4912, 4914, 5012, 5111, 5212,
5213, 5211, 5214, 5312, 5314, 5412, 5414, 5511, 5513, 5712, 5714,
5811, 5811, 5911, 5012, 5914, 6011, 6014, 6113, 6212, 6214, 6312,
6312, 6412, 6414, 6613, 6714, 6711, 6711, 6913, 7011, 7013, 7112,

’ 1111, 1111, 11111111, 1111, 1114, 111, 7304, 1114, 111, 1111,

7512, 7612, 7613, 7612, 7613, 7614, 7812, 7814, 7813, 7814; 01 vous
00 01100 0001110111 (11 . . . 1110111101), 7812, 7813, 7911, 7914, 7913,
7912, 7913, 8011, 8112, 8212, 8214, 8314, 8513; 11111101 11111011
11 demanda, quel don 0101101011 1101111116οη 1010 11101Η11011110; also
1110111101εο iibereinstimmung 11111Ρ; 8514, 8514, 8614, 8713, 8914,
9012. 110010110111111111111 mit P: 2813, 3013, 3111, 3511, 3513, 8813,
4011, 4114, 4212, 43121 01 dist 1 soi 11010111οι 010110 1111101100
1
1 81011 variamen.

 

